10001 | 3341 | 11398 | 1184 | 4608 | 29754 |
10002 | 7004 | 26670 | 7067 | 26066 | 77187 |
10003 | 8509 | 24461 | 1715 | 5196 | 62038 |
10004 | 566 | 1684 | 122 | 384 | 4171 |
10005 | 949 | 3600 | 162 | 810 | 8860 |
10006 | 551 | 1643 | 128 | 396 | 4164 |
10007 | 1109 | 3314 | 182 | 643 | 7998 |
10009 | 7965 | 24388 | 4724 | 15315 | 69406 |
10010 | 5092 | 14512 | 988 | 3439 | 37166 |
10011 | 8132 | 24803 | 1853 | 6130 | 62303 |
10012 | 3770 | 10456 | 826 | 2434 | 26483 |
10013 | 3583 | 12142 | 913 | 3447 | 28383 |
10014 | 5463 | 16591 | 713 | 2367 | 39446 |
10016 | 9041 | 23395 | 1933 | 6130 | 61318 |
10017 | 2699 | 7171 | 448 | 1503 | 18848 |
10018 | 801 | 3047 | 286 | 1291 | 8080 |
10019 | 6385 | 18828 | 1785 | 6792 | 50462 |
10020 | 15 | 43 | 5 | 12 | 101 |
10021 | 7772 | 21202 | 869 | 2839 | 54549 |
10022 | 5664 | 15583 | 689 | 2437 | 40501 |
10023 | 10130 | 31966 | 1713 | 6174 | 80395 |
10024 | 10438 | 30288 | 1989 | 6353 | 76423 |
10025 | 14514 | 42605 | 5444 | 17558 | 112851 |
10026 | 5976 | 18985 | 1553 | 6232 | 39124 |
10027 | 10059 | 29910 | 3158 | 11723 | 64740 |
10028 | 7701 | 22457 | 966 | 3137 | 56844 |
10029 | 8078 | 26214 | 9860 | 30125 | 81686 |
10030 | 5036 | 16182 | 1122 | 4565 | 29895 |
10031 | 6244 | 19962 | 4575 | 18307 | 58234 |
10032 | 5033 | 15802 | 5964 | 23876 | 59983 |
10033 | 3352 | 11352 | 5536 | 22462 | 55149 |
10034 | 3002 | 9288 | 4001 | 15933 | 39503 |
10035 | 5242 | 15294 | 3714 | 11454 | 38215 |
10036 | 3868 | 12628 | 1209 | 4913 | 32822 |
10037 | 4356 | 13392 | 781 | 3286 | 23036 |
10038 | 2749 | 9961 | 1324 | 4981 | 25599 |
10039 | 4374 | 14621 | 1037 | 4758 | 27331 |
10040 | 2791 | 8719 | 4103 | 16835 | 41630 |
10044 | 1108 | 3377 | 356 | 1287 | 9129 |
10065 | 4851 | 13800 | 617 | 2088 | 36217 |
10069 | 896 | 2975 | 154 | 717 | 7802 |
10075 | 4342 | 12836 | 515 | 1710 | 32599 |
10128 | 11013 | 30391 | 1919 | 6350 | 76910 |
10129 | 41 | 98 | 3 | 12 | 225 |
10162 | 311 | 747 | 23 | 88 | 2009 |
10280 | 1225 | 3749 | 237 | 881 | 9742 |
10282 | 911 | 2409 | 123 | 459 | 6063 |
10301 | 3948 | 14148 | 1465 | 6044 | 38539 |
10302 | 1325 | 5197 | 539 | 3245 | 15345 |
10303 | 1669 | 7761 | 965 | 5519 | 22479 |
10304 | 3143 | 12972 | 1379 | 7088 | 38866 |
10305 | 2271 | 8623 | 953 | 5511 | 36343 |
10306 | 3526 | 14126 | 872 | 5275 | 54443 |
10307 | 761 | 3771 | 121 | 798 | 13401 |
10308 | 1614 | 7140 | 331 | 2165 | 27698 |
10309 | 1604 | 7857 | 356 | 2309 | 31255 |
10310 | 1934 | 8116 | 716 | 3908 | 22898 |
10312 | 3295 | 15817 | 733 | 4685 | 60575 |
10314 | 5387 | 22908 | 1691 | 10017 | 81944 |
10451 | 3817 | 15259 | 4280 | 17669 | 45600 |
10452 | 4478 | 14465 | 6223 | 25998 | 59218 |
10453 | 5834 | 17742 | 7693 | 27668 | 65162 |
10454 | 2357 | 8494 | 5102 | 17076 | 34086 |
10455 | 2187 | 8180 | 4815 | 17801 | 35183 |
10456 | 7610 | 24128 | 6990 | 27288 | 72814 |
10457 | 4937 | 15759 | 7022 | 25194 | 58251 |
10458 | 4262 | 13045 | 7029 | 25053 | 57057 |
10459 | 2567 | 9528 | 5255 | 19229 | 39573 |
10460 | 3254 | 12607 | 5735 | 22460 | 48604 |
10461 | 3389 | 9568 | 3429 | 13629 | 45906 |
10462 | 5714 | 18867 | 6511 | 24194 | 70313 |
10463 | 7540 | 21028 | 4830 | 19675 | 71137 |
10464 | 583 | 1868 | 122 | 558 | 5025 |
10465 | 3234 | 10285 | 2594 | 11800 | 41493 |
10466 | 7942 | 28804 | 2830 | 10802 | 57842 |
10467 | 7579 | 24925 | 7374 | 26784 | 78633 |
10468 | 4081 | 12718 | 6897 | 26266 | 58144 |
10469 | 7040 | 25377 | 2912 | 12031 | 59132 |
10470 | 2313 | 6602 | 527 | 2051 | 14822 |
10471 | 3670 | 9768 | 1031 | 3878 | 26322 |
10472 | 3674 | 12139 | 6460 | 22940 | 51200 |
10473 | 4664 | 18489 | 5502 | 24045 | 58251 |
10474 | 704 | 2268 | 1326 | 4469 | 9132 |
10475 | 5834 | 20537 | 2333 | 9196 | 44331 |
10501 | 204 | 539 | 30 | 82 | 1636 |
10502 | 921 | 2403 | 151 | 568 | 7212 |
10503 | 59 | 115 | 2 | 5 | 241 |
10504 | 1741 | 4260 | 150 | 494 | 11462 |
10505 | 97 | 407 | 24 | 106 | 1374 |
10506 | 1406 | 3477 | 104 | 319 | 8467 |
10507 | 1181 | 2480 | 208 | 561 | 6656 |
10509 | 3715 | 8844 | 586 | 1809 | 23267 |
10510 | 1979 | 4947 | 252 | 814 | 13485 |
10511 | 465 | 1018 | 49 | 185 | 2649 |
10512 | 4729 | 11245 | 872 | 2685 | 31155 |
10514 | 2226 | 5842 | 224 | 755 | 15196 |
10516 | 1412 | 3231 | 126 | 298 | 7656 |
10517 | 141 | 303 | 32 | 99 | 932 |
10518 | 296 | 755 | 34 | 86 | 1888 |
10519 | 144 | 237 | 16 | 28 | 609 |
10520 | 3092 | 6828 | 361 | 978 | 17546 |
10521 | 42 | 56 | 1 | 6 | 151 |
10522 | 2256 | 5103 | 414 | 1084 | 14400 |
10523 | 1579 | 3602 | 429 | 1448 | 9590 |
10524 | 1081 | 2542 | 115 | 311 | 5872 |
10526 | 420 | 899 | 42 | 106 | 2634 |
10527 | 158 | 419 | 9 | 52 | 1178 |
10528 | 1692 | 4070 | 338 | 997 | 14199 |
10530 | 2813 | 6184 | 492 | 1586 | 17702 |
10532 | 686 | 2013 | 123 | 368 | 5970 |
10533 | 1611 | 3883 | 188 | 520 | 10171 |
10535 | 94 | 184 | 22 | 71 | 644 |
10536 | 2360 | 5634 | 181 | 526 | 14408 |
10537 | 455 | 1020 | 102 | 275 | 2734 |
10538 | 3378 | 8541 | 368 | 1136 | 21850 |
10540 | 130 | 130 | 14 | 14 | 413 |
10541 | 3748 | 10042 | 634 | 2074 | 30156 |
10543 | 3313 | 7500 | 649 | 2166 | 23130 |
10545 | 228 | 417 | 13 | 35 | 886 |
10546 | 253 | 626 | 40 | 123 | 1760 |
10547 | 1271 | 2834 | 316 | 950 | 8424 |
10548 | 866 | 1803 | 113 | 318 | 4442 |
10549 | 3069 | 6798 | 446 | 1447 | 18921 |
10550 | 10363 | 23105 | 2051 | 4846 | 40243 |
10552 | 4358 | 10393 | 1003 | 2672 | 24533 |
10553 | 2753 | 6959 | 384 | 1035 | 11287 |
10560 | 1182 | 2566 | 86 | 275 | 6757 |
10562 | 5447 | 11808 | 1384 | 4183 | 33177 |
10566 | 5404 | 10923 | 1407 | 3556 | 26088 |
10567 | 3380 | 8442 | 623 | 2208 | 24401 |
10570 | 2391 | 5830 | 373 | 1056 | 16222 |
10573 | 4401 | 10162 | 1827 | 6126 | 36143 |
10576 | 1193 | 2930 | 81 | 267 | 7447 |
10577 | 3321 | 4584 | 870 | 1145 | 12070 |
10578 | 297 | 540 | 23 | 53 | 1363 |
10579 | 1507 | 3835 | 301 | 810 | 10930 |
10580 | 4105 | 9934 | 335 | 1078 | 23236 |
10583 | 6399 | 16458 | 876 | 3051 | 47865 |
10587 | 189 | 189 | 24 | 24 | 501 |
10588 | 453 | 994 | 94 | 250 | 3000 |
10589 | 2467 | 5043 | 204 | 514 | 13977 |
10590 | 1651 | 3870 | 130 | 363 | 9602 |
10591 | 4507 | 9471 | 1322 | 3557 | 26940 |
10594 | 620 | 1738 | 98 | 334 | 5588 |
10595 | 1089 | 2517 | 197 | 571 | 8124 |
10596 | 475 | 863 | 54 | 138 | 2060 |
10597 | 260 | 626 | 26 | 54 | 1493 |
10598 | 4631 | 12179 | 649 | 2404 | 36157 |
10601 | 3001 | 5510 | 757 | 1789 | 14136 |
10603 | 4120 | 9140 | 939 | 2819 | 22529 |
10604 | 1486 | 3615 | 370 | 1302 | 12016 |
10605 | 3718 | 8879 | 675 | 1974 | 24132 |
10606 | 2529 | 5503 | 800 | 2670 | 15807 |
10607 | 1232 | 3268 | 302 | 1192 | 8392 |
10701 | 11170 | 21898 | 6724 | 15979 | 64305 |
10703 | 3125 | 6637 | 1702 | 4907 | 21715 |
10704 | 4236 | 9621 | 1730 | 5564 | 33117 |
10705 | 5224 | 10486 | 5160 | 12037 | 38015 |
10706 | 2148 | 4782 | 228 | 651 | 12589 |
10707 | 1935 | 4586 | 367 | 955 | 12720 |
10708 | 5523 | 11702 | 893 | 2271 | 30613 |
10709 | 1311 | 3346 | 177 | 631 | 11308 |
10710 | 3507 | 8544 | 1470 | 4997 | 29403 |
10801 | 6721 | 14951 | 2076 | 6937 | 39404 |
10803 | 2230 | 5695 | 369 | 1154 | 15592 |
10804 | 2448 | 6737 | 293 | 938 | 18731 |
10805 | 3332 | 6705 | 1120 | 3266 | 20077 |
10901 | 3896 | 10098 | 621 | 2118 | 28555 |
10913 | 667 | 2374 | 121 | 475 | 5821 |
10914 | 76 | 247 | 16 | 51 | 675 |
10915 | 27 | 95 | 7 | 31 | 206 |
10916 | 856 | 2226 | 84 | 390 | 5569 |
10917 | 417 | 946 | 54 | 205 | 2376 |
10918 | 2307 | 5800 | 550 | 1654 | 15003 |
10919 | 151 | 447 | 46 | 124 | 1168 |
10920 | 1050 | 3191 | 261 | 1053 | 9758 |
10921 | 671 | 1797 | 98 | 371 | 4994 |
10922 | 342 | 774 | 45 | 123 | 1812 |
10923 | 1052 | 2861 | 549 | 1985 | 9371 |
10924 | 2968 | 6642 | 432 | 1463 | 16883 |
10925 | 1182 | 2668 | 187 | 499 | 6423 |
10926 | 656 | 1415 | 196 | 581 | 4145 |
10927 | 1025 | 2461 | 1045 | 3294 | 9307 |
10928 | 1303 | 2607 | 223 | 578 | 5620 |
10930 | 1634 | 3978 | 341 | 1211 | 11070 |
10931 | 170 | 412 | 27 | 118 | 1020 |
10933 | 74 | 202 | 8 | 21 | 497 |
10940 | 10003 | 22245 | 3105 | 8831 | 54479 |
10941 | 2532 | 6326 | 831 | 2578 | 16434 |
10950 | 5875 | 16517 | 1047 | 3622 | 46311 |
10952 | 2954 | 10604 | 348 | 968 | 31579 |
10953 | 80 | 170 | 12 | 29 | 385 |
10954 | 3398 | 9217 | 823 | 2968 | 26367 |
10956 | 4242 | 12852 | 813 | 3291 | 37141 |
10958 | 553 | 1477 | 94 | 319 | 3689 |
10960 | 3015 | 7460 | 486 | 1387 | 18040 |
10962 | 917 | 2372 | 238 | 686 | 6255 |
10963 | 553 | 1339 | 73 | 284 | 3056 |
10964 | 272 | 745 | 58 | 157 | 1959 |
10965 | 2288 | 7758 | 255 | 851 | 17155 |
10968 | 502 | 1263 | 70 | 208 | 3249 |
10969 | 144 | 454 | 19 | 90 | 1363 |
10970 | 1646 | 3970 | 472 | 1478 | 11734 |
10973 | 391 | 1038 | 43 | 206 | 2521 |
10974 | 555 | 1544 | 90 | 338 | 3802 |
10975 | 92 | 166 | 22 | 34 | 384 |
10976 | 374 | 911 | 48 | 153 | 2092 |
10977 | 5256 | 15357 | 1347 | 4101 | 44652 |
10979 | 56 | 112 | 5 | 20 | 270 |
10980 | 1941 | 5697 | 455 | 1816 | 15544 |
10983 | 676 | 2363 | 125 | 609 | 6590 |
10984 | 348 | 958 | 109 | 466 | 2925 |
10985 | 39 | 103 | 14 | 26 | 294 |
10986 | 263 | 818 | 52 | 208 | 2136 |
10987 | 905 | 1980 | 119 | 299 | 5129 |
10988 | 140 | 338 | 10 | 42 | 692 |
10989 | 1245 | 3532 | 329 | 1147 | 10825 |
10990 | 4500 | 11080 | 467 | 1621 | 27193 |
10992 | 1720 | 4393 | 388 | 1424 | 11861 |
10993 | 493 | 1294 | 394 | 1393 | 4661 |
10994 | 941 | 3159 | 183 | 747 | 8666 |
10996 | 610 | 886 | 78 | 118 | 1755 |
10998 | 490 | 1500 | 54 | 220 | 3776 |
11001 | 4874 | 11747 | 1053 | 3977 | 34531 |
11003 | 6278 | 16354 | 2340 | 7960 | 49825 |
11004 | 1403 | 3604 | 781 | 3178 | 14586 |
11005 | 665 | 1445 | 11 | 44 | 3763 |
11010 | 3548 | 8284 | 806 | 2955 | 30532 |
11020 | 1341 | 3187 | 281 | 1044 | 8068 |
11021 | 4490 | 8642 | 627 | 2140 | 25754 |
11023 | 1457 | 3053 | 181 | 598 | 11416 |
11024 | 1079 | 1994 | 165 | 477 | 8998 |
11030 | 3995 | 9249 | 558 | 1795 | 25558 |
11040 | 6490 | 15607 | 1716 | 7535 | 53186 |
11050 | 6793 | 14696 | 1044 | 3084 | 41254 |
11096 | 1616 | 3341 | 474 | 1640 | 8489 |
11101 | 3063 | 12430 | 1369 | 6790 | 33955 |
11102 | 3040 | 9913 | 1490 | 6195 | 34526 |
11103 | 3003 | 8854 | 1355 | 5269 | 34278 |
11104 | 2266 | 7290 | 1204 | 4950 | 25631 |
11105 | 3210 | 9151 | 1439 | 5297 | 37843 |
11106 | 3420 | 11253 | 1828 | 7597 | 39154 |
11109 | 737 | 2369 | 159 | 673 | 6443 |
11201 | 8747 | 31610 | 1894 | 7685 | 74589 |
11203 | 8009 | 36271 | 1376 | 6350 | 68587 |
11204 | 2651 | 13691 | 1272 | 7787 | 50927 |
11205 | 5726 | 20475 | 1799 | 6632 | 44689 |
11206 | 6904 | 28216 | 6467 | 25788 | 79817 |
11207 | 9632 | 39225 | 5111 | 20331 | 83633 |
11208 | 6460 | 26579 | 5903 | 25534 | 78032 |
11209 | 6060 | 19586 | 1821 | 8433 | 67356 |
11210 | 4532 | 21520 | 1087 | 5040 | 54528 |
11211 | 5991 | 21530 | 4432 | 16233 | 69666 |
11212 | 10178 | 42189 | 2713 | 11205 | 75233 |
11213 | 7619 | 30962 | 1381 | 6262 | 59784 |
11214 | 3044 | 14171 | 1659 | 10672 | 59314 |
11215 | 9543 | 32099 | 2599 | 9699 | 81996 |
11216 | 9240 | 33738 | 1537 | 6363 | 62228 |
11217 | 5942 | 20678 | 1938 | 6896 | 49094 |
11218 | 4611 | 18549 | 1879 | 9032 | 62490 |
11219 | 3059 | 15345 | 1468 | 7659 | 51604 |
11220 | 3193 | 15799 | 5112 | 24013 | 59720 |
11221 | 9210 | 36940 | 4781 | 19908 | 82154 |
11222 | 3909 | 15055 | 1306 | 4805 | 43983 |
11223 | 2636 | 11971 | 1352 | 8156 | 53097 |
11224 | 3830 | 12505 | 1668 | 6222 | 43387 |
11225 | 6579 | 28919 | 1286 | 5763 | 58750 |
11226 | 9303 | 40222 | 2586 | 11830 | 90445 |
11228 | 1687 | 8249 | 651 | 4875 | 31903 |
11229 | 4426 | 18211 | 1089 | 6839 | 64595 |
11230 | 4170 | 16785 | 1331 | 6423 | 67983 |
11231 | 4801 | 16699 | 1637 | 5849 | 42726 |
11232 | 1204 | 4896 | 1734 | 6926 | 19432 |
11233 | 10304 | 39642 | 2256 | 8857 | 68096 |
11234 | 6088 | 28796 | 1347 | 7600 | 78093 |
11235 | 3864 | 11869 | 1131 | 5545 | 66762 |
11236 | 7724 | 38979 | 1855 | 9021 | 80950 |
11237 | 2095 | 9845 | 4282 | 15372 | 39449 |
11238 | 9562 | 34410 | 1778 | 6777 | 70327 |
11239 | 1625 | 7278 | 609 | 2652 | 16857 |
11249 | 1525 | 10338 | 731 | 5175 | 30065 |
11354 | 4134 | 13659 | 2759 | 11482 | 38940 |
11355 | 4748 | 17796 | 4453 | 18504 | 53936 |
11356 | 1496 | 4507 | 1072 | 5207 | 17717 |
11357 | 3180 | 9859 | 974 | 4891 | 37756 |
11358 | 2928 | 9717 | 1499 | 6552 | 31292 |
11360 | 2485 | 7144 | 678 | 2719 | 21563 |
11361 | 2918 | 9024 | 1095 | 4719 | 26195 |
11362 | 2112 | 6476 | 642 | 2861 | 18560 |
11363 | 801 | 2597 | 220 | 943 | 7237 |
11364 | 3449 | 11606 | 1467 | 6958 | 33458 |
11365 | 3784 | 12705 | 1844 | 8673 | 38313 |
11366 | 1051 | 3646 | 590 | 2609 | 12489 |
11367 | 3136 | 10163 | 1642 | 6553 | 35637 |
11368 | 3486 | 10822 | 5342 | 22264 | 55008 |
11369 | 2320 | 6601 | 1977 | 9660 | 26605 |
11370 | 999 | 3183 | 1420 | 6267 | 21096 |
11372 | 3030 | 9907 | 4236 | 17011 | 52163 |
11373 | 3275 | 12978 | 4966 | 21607 | 61169 |
11374 | 2889 | 9147 | 1623 | 7133 | 40167 |
11375 | 6837 | 20362 | 2589 | 10775 | 71442 |
11377 | 4402 | 15156 | 3901 | 17953 | 65206 |
11378 | 1868 | 6015 | 1108 | 5416 | 27375 |
11379 | 2390 | 7553 | 900 | 4365 | 31911 |
11385 | 4361 | 15317 | 5114 | 21735 | 76956 |
11411 | 3164 | 11671 | 430 | 1732 | 21153 |
11412 | 6021 | 21469 | 875 | 3397 | 36762 |
11413 | 6305 | 23508 | 867 | 3470 | 40692 |
11414 | 2138 | 6248 | 794 | 3642 | 26589 |
11415 | 1463 | 4612 | 945 | 3428 | 18616 |
11416 | 822 | 2625 | 1569 | 6742 | 18230 |
11417 | 1129 | 3782 | 1399 | 7007 | 23259 |
11418 | 1648 | 5022 | 2038 | 8652 | 27324 |
11419 | 1343 | 4756 | 2280 | 9280 | 32172 |
11420 | 2749 | 8854 | 2030 | 9077 | 36572 |
11421 | 1784 | 5454 | 2589 | 11630 | 30256 |
11422 | 3801 | 14473 | 850 | 3138 | 29493 |
11423 | 2254 | 7771 | 1185 | 5021 | 26140 |
11426 | 1641 | 4555 | 987 | 4458 | 18901 |
11427 | 2006 | 6145 | 1275 | 5264 | 23236 |
11428 | 1118 | 3696 | 1070 | 4565 | 17526 |
11429 | 3342 | 11376 | 785 | 3225 | 24811 |
11430 | 18 | 58 | 4 | 17 | 105 |
11432 | 3708 | 11210 | 2854 | 11797 | 48333 |
11433 | 4671 | 15979 | 963 | 4256 | 30154 |
11434 | 10492 | 36795 | 1366 | 5775 | 61539 |
11435 | 4145 | 13034 | 2454 | 10380 | 43697 |
11436 | 2715 | 8663 | 530 | 2298 | 16997 |
11501 | 3868 | 8647 | 954 | 2898 | 25490 |
11507 | 1218 | 2848 | 279 | 1259 | 9722 |
11509 | 808 | 1625 | 60 | 110 | 4273 |
11510 | 7212 | 17408 | 1336 | 5015 | 44774 |
11514 | 940 | 2031 | 222 | 705 | 6164 |
11516 | 1302 | 2972 | 184 | 475 | 9144 |
11518 | 2137 | 5064 | 293 | 971 | 14242 |
11520 | 9909 | 21781 | 2958 | 9935 | 52307 |
11530 | 6454 | 15152 | 539 | 1757 | 38957 |
11542 | 5321 | 10643 | 1340 | 3815 | 34239 |
11545 | 2344 | 5424 | 241 | 981 | 16654 |
11547 | 201 | 451 | 36 | 76 | 1340 |
11548 | 243 | 509 | 79 | 201 | 1863 |
11550 | 14850 | 30581 | 3360 | 9626 | 60611 |
11552 | 4940 | 11927 | 1061 | 3460 | 32673 |
11553 | 5390 | 11829 | 1393 | 4985 | 27647 |
11554 | 6970 | 15506 | 1402 | 5069 | 49813 |
11557 | 1557 | 3550 | 214 | 651 | 11314 |
11558 | 1567 | 3522 | 330 | 1040 | 10830 |
11559 | 1443 | 3625 | 183 | 540 | 11026 |
11560 | 1567 | 3523 | 165 | 468 | 9279 |
11561 | 11318 | 22744 | 1788 | 4160 | 57718 |
11563 | 4386 | 10058 | 811 | 2628 | 29914 |
11565 | 1759 | 4192 | 233 | 830 | 12346 |
11566 | 7083 | 17704 | 760 | 2658 | 49698 |
11568 | 691 | 1529 | 120 | 397 | 5017 |
11569 | 534 | 1210 | 30 | 72 | 2522 |
11570 | 6895 | 16661 | 857 | 2486 | 39446 |
11572 | 5751 | 13567 | 717 | 2614 | 40238 |
11575 | 5202 | 11273 | 792 | 2584 | 19278 |
11576 | 2586 | 5848 | 326 | 1213 | 17529 |
11577 | 2648 | 5524 | 382 | 1334 | 16662 |
11579 | 1358 | 3073 | 131 | 321 | 7714 |
11580 | 6131 | 14943 | 2153 | 8262 | 49975 |
11581 | 3762 | 8687 | 862 | 3182 | 27490 |
11590 | 8552 | 19202 | 1927 | 7477 | 54295 |
11596 | 2236 | 5270 | 305 | 1103 | 14248 |
11598 | 2444 | 5954 | 258 | 638 | 17586 |
11691 | 6772 | 21311 | 2326 | 7658 | 48242 |
11692 | 2503 | 8456 | 771 | 3013 | 17285 |
11693 | 1514 | 4880 | 396 | 1639 | 11603 |
11694 | 2348 | 8316 | 449 | 1665 | 19258 |
11697 | 714 | 2893 | 25 | 116 | 5190 |
11701 | 4347 | 12781 | 715 | 2840 | 26852 |
11702 | 1818 | 6475 | 226 | 841 | 16288 |
11703 | 1651 | 5573 | 369 | 1790 | 17011 |
11704 | 4330 | 13936 | 921 | 4077 | 38983 |
11705 | 961 | 3644 | 106 | 445 | 9039 |
11706 | 6136 | 18668 | 2485 | 10971 | 54500 |
11709 | 1422 | 3399 | 167 | 452 | 9788 |
11710 | 6581 | 16041 | 861 | 2826 | 47746 |
11713 | 1398 | 4244 | 344 | 1232 | 10317 |
11714 | 4195 | 9832 | 666 | 2344 | 31525 |
11715 | 585 | 2221 | 41 | 187 | 5147 |
11716 | 1066 | 3971 | 143 | 703 | 11054 |
11717 | 3424 | 8956 | 3078 | 14524 | 37597 |
11718 | 400 | 1500 | 73 | 228 | 3719 |
11719 | 459 | 1470 | 47 | 177 | 3652 |
11720 | 2815 | 9757 | 521 | 2680 | 28359 |
11721 | 889 | 3195 | 57 | 249 | 7829 |
11722 | 3220 | 8987 | 1740 | 7130 | 26461 |
11724 | 475 | 1567 | 32 | 125 | 3962 |
11725 | 2949 | 10275 | 434 | 1812 | 31461 |
11726 | 1756 | 5342 | 648 | 3269 | 16258 |
11727 | 3609 | 11098 | 882 | 3268 | 29352 |
11729 | 2669 | 8859 | 683 | 3245 | 27916 |
11730 | 1483 | 5679 | 211 | 940 | 15566 |
11731 | 3139 | 11794 | 403 | 1726 | 32669 |
11732 | 1027 | 1945 | 90 | 237 | 5551 |
11733 | 2339 | 7809 | 301 | 1175 | 20649 |
11735 | 6573 | 14198 | 1280 | 3632 | 42984 |
11738 | 1397 | 5296 | 336 | 1474 | 15754 |
11739 | 157 | 637 | 8 | 53 | 1575 |
11740 | 1110 | 4052 | 128 | 573 | 10612 |
11741 | 2559 | 9536 | 503 | 2133 | 27984 |
11742 | 1153 | 4323 | 232 | 1058 | 12962 |
11743 | 6357 | 19439 | 764 | 2814 | 50441 |
11746 | 7007 | 21654 | 1634 | 7223 | 66313 |
11747 | 2598 | 8023 | 359 | 1355 | 23901 |
11749 | 425 | 1185 | 148 | 634 | 3584 |
11751 | 1529 | 5616 | 287 | 1112 | 15127 |
11752 | 836 | 3457 | 170 | 915 | 10121 |
11753 | 2811 | 6030 | 407 | 1606 | 17133 |
11754 | 2115 | 7600 | 212 | 1036 | 20468 |
11755 | 1176 | 4210 | 221 | 876 | 12709 |
11756 | 8296 | 19155 | 1491 | 5771 | 55917 |
11757 | 4275 | 13699 | 796 | 3657 | 42353 |
11758 | 11772 | 27444 | 1528 | 4335 | 78850 |
11762 | 4731 | 11635 | 491 | 1479 | 32444 |
11763 | 2964 | 10144 | 703 | 3315 | 27837 |
11764 | 1223 | 4925 | 165 | 695 | 13657 |
11765 | 152 | 354 | 16 | 44 | 963 |
11766 | 1254 | 4880 | 195 | 767 | 13653 |
11767 | 1373 | 4978 | 213 | 898 | 15210 |
11768 | 3074 | 10378 | 311 | 1052 | 26048 |
11769 | 1201 | 4183 | 116 | 471 | 10981 |
11770 | 330 | 608 | 11 | 24 | 1450 |
11771 | 2575 | 5263 | 286 | 876 | 14984 |
11772 | 4487 | 15081 | 1083 | 4096 | 41558 |
11776 | 2572 | 8381 | 554 | 2204 | 24816 |
11777 | 1549 | 4439 | 179 | 647 | 11499 |
11778 | 1265 | 4893 | 149 | 654 | 12868 |
11779 | 3718 | 12977 | 744 | 3296 | 38035 |
11780 | 1870 | 6425 | 172 | 712 | 17637 |
11782 | 2024 | 7243 | 185 | 794 | 17709 |
11783 | 4175 | 10406 | 429 | 1461 | 29652 |
11784 | 2026 | 7603 | 499 | 2426 | 22719 |
11786 | 620 | 2568 | 86 | 381 | 6866 |
11787 | 3696 | 13305 | 469 | 1972 | 38361 |
11788 | 1748 | 6022 | 313 | 1308 | 17839 |
11789 | 871 | 2992 | 118 | 444 | 7976 |
11790 | 6398 | 12233 | 3051 | 4809 | 34445 |
11791 | 5275 | 11678 | 824 | 2956 | 34926 |
11792 | 869 | 3351 | 107 | 461 | 9196 |
11793 | 6657 | 16242 | 731 | 2323 | 44951 |
11795 | 2633 | 9689 | 304 | 1300 | 26777 |
11796 | 371 | 1511 | 43 | 177 | 3976 |
11797 | 2605 | 5093 | 226 | 732 | 14468 |
11798 | 2589 | 7657 | 547 | 2196 | 14412 |
11801 | 7348 | 15054 | 1598 | 6625 | 50501 |
11803 | 6284 | 14323 | 655 | 2365 | 42172 |
11804 | 1096 | 2474 | 109 | 331 | 7345 |
11901 | 2997 | 8574 | 371 | 1487 | 20075 |
11930 | 416 | 1191 | 43 | 110 | 2835 |
11931 | 340 | 1244 | 33 | 115 | 3147 |
11932 | 387 | 1091 | 29 | 100 | 2457 |
11933 | 873 | 2893 | 96 | 371 | 7281 |
11934 | 791 | 3286 | 100 | 406 | 8058 |
11935 | 590 | 1875 | 38 | 129 | 4422 |
11937 | 2832 | 8380 | 305 | 1588 | 20118 |
11939 | 164 | 462 | 6 | 30 | 1282 |
11940 | 626 | 2231 | 77 | 252 | 5783 |
11941 | 290 | 1065 | 25 | 105 | 2826 |
11942 | 633 | 2104 | 53 | 279 | 5334 |
11944 | 938 | 2222 | 74 | 266 | 5071 |
11946 | 1658 | 5246 | 219 | 1180 | 13488 |
11947 | 211 | 713 | 14 | 47 | 1805 |
11948 | 139 | 506 | 12 | 75 | 1415 |
11949 | 1419 | 5497 | 188 | 814 | 15235 |
11950 | 1417 | 4893 | 431 | 1780 | 13373 |
11951 | 1573 | 4923 | 332 | 1316 | 12617 |
11952 | 683 | 2260 | 57 | 178 | 5705 |
11953 | 1841 | 5575 | 333 | 1114 | 13905 |
11954 | 734 | 2207 | 92 | 320 | 5404 |
11955 | 478 | 1349 | 57 | 186 | 3571 |
11956 | 54 | 214 | 3 | 8 | 483 |
11957 | 137 | 507 | 11 | 42 | 1234 |
11958 | 84 | 303 | 11 | 42 | 865 |
11959 | 318 | 927 | 23 | 70 | 2051 |
11960 | 206 | 745 | 15 | 65 | 1848 |
11961 | 2024 | 6153 | 174 | 805 | 15739 |
11962 | 169 | 411 | 8 | 25 | 1035 |
11963 | 1361 | 4186 | 93 | 386 | 9592 |
11964 | 678 | 1931 | 34 | 116 | 4050 |
11965 | 37 | 91 | 1 | 9 | 216 |
11967 | 2328 | 8129 | 668 | 2824 | 23818 |
11968 | 2159 | 6300 | 242 | 823 | 15098 |
11970 | 67 | 203 | 3 | 11 | 442 |
11971 | 907 | 2866 | 49 | 185 | 7177 |
11972 | 112 | 412 | 5 | 23 | 954 |
11975 | 173 | 511 | 12 | 43 | 1152 |
11976 | 318 | 1056 | 39 | 125 | 2740 |
11977 | 515 | 1359 | 31 | 119 | 3256 |
11978 | 733 | 1958 | 68 | 211 | 4574 |
11980 | 418 | 1877 | 78 | 330 | 4976 |
12007 | 27 | 94 | 1 | 3 | 207 |
12008 | 94 | 246 | 2 | 16 | 542 |
12009 | 1404 | 4246 | 86 | 283 | 9300 |
12010 | 5250 | 11409 | 1961 | 4142 | 32859 |
12015 | 856 | 2127 | 86 | 198 | 4868 |
12017 | 72 | 213 | 2 | 17 | 511 |
12018 | 1598 | 4571 | 56 | 190 | 9273 |
12019 | 3367 | 9085 | 206 | 663 | 20022 |
12020 | 6689 | 18716 | 482 | 1400 | 39028 |
12022 | 180 | 428 | 4 | 14 | 846 |
12023 | 381 | 1163 | 11 | 52 | 2487 |
12024 | 25 | 79 | 0 | 3 | 191 |
12025 | 1129 | 2944 | 69 | 188 | 6236 |
12027 | 905 | 2449 | 68 | 163 | 5194 |
12028 | 252 | 705 | 19 | 37 | 1362 |
12029 | 269 | 707 | 15 | 53 | 1576 |
12031 | 33 | 113 | 2 | 9 | 221 |
12032 | 149 | 429 | 3 | 9 | 855 |
12033 | 1867 | 4813 | 118 | 289 | 10019 |
12035 | 182 | 448 | 12 | 28 | 874 |
12036 | 68 | 164 | 2 | 5 | 297 |
12037 | 895 | 2400 | 65 | 189 | 5110 |
12041 | 72 | 228 | 1 | 10 | 486 |
12043 | 1780 | 4057 | 135 | 304 | 8348 |
12045 | 130 | 298 | 24 | 51 | 679 |
12046 | 137 | 335 | 7 | 19 | 725 |
12047 | 5213 | 11863 | 528 | 1322 | 26454 |
12051 | 1349 | 3390 | 117 | 286 | 7331 |
12052 | 314 | 936 | 15 | 28 | 1843 |
12053 | 936 | 2580 | 46 | 143 | 5594 |
12054 | 3761 | 10207 | 271 | 855 | 22112 |
12056 | 434 | 1274 | 33 | 78 | 2685 |
12057 | 411 | 1133 | 17 | 43 | 1907 |
12059 | 306 | 909 | 2 | 24 | 1882 |
12060 | 301 | 924 | 15 | 46 | 1893 |
12061 | 2401 | 5614 | 181 | 444 | 12018 |
12062 | 380 | 1037 | 22 | 56 | 2227 |
12063 | 78 | 227 | 12 | 23 | 526 |
12064 | 105 | 230 | 6 | 15 | 467 |
12065 | 10532 | 24818 | 1010 | 2600 | 55751 |
12066 | 509 | 1229 | 20 | 49 | 2521 |
12067 | 218 | 705 | 16 | 41 | 1618 |
12068 | 730 | 1628 | 55 | 137 | 3352 |
12069 | 45 | 116 | 5 | 11 | 248 |
12070 | 297 | 645 | 22 | 71 | 1661 |
12071 | 45 | 147 | 3 | 9 | 287 |
12072 | 570 | 1457 | 35 | 102 | 3058 |
12074 | 644 | 1697 | 35 | 100 | 3667 |
12075 | 627 | 1854 | 30 | 91 | 3920 |
12076 | 272 | 734 | 22 | 56 | 1567 |
12077 | 1229 | 3651 | 127 | 372 | 8045 |
12078 | 4417 | 10950 | 368 | 891 | 23088 |
12083 | 1068 | 2788 | 66 | 171 | 6069 |
12084 | 1233 | 2356 | 137 | 298 | 5226 |
12085 | 110 | 199 | 13 | 26 | 444 |
12086 | 358 | 884 | 34 | 94 | 2264 |
12087 | 19 | 75 | 0 | 0 | 136 |
12090 | 1523 | 3642 | 75 | 206 | 6916 |
12092 | 177 | 577 | 14 | 41 | 1269 |
12093 | 297 | 805 | 13 | 51 | 1827 |
12094 | 472 | 1286 | 19 | 56 | 2517 |
12095 | 2416 | 6071 | 151 | 414 | 12857 |
12106 | 569 | 1500 | 24 | 88 | 3096 |
12108 | 140 | 361 | 13 | 39 | 741 |
12110 | 3818 | 9933 | 394 | 1257 | 23584 |
12115 | 41 | 117 | 5 | 5 | 206 |
12116 | 375 | 1010 | 19 | 61 | 1995 |
12117 | 568 | 1719 | 33 | 75 | 3292 |
12118 | 3154 | 8428 | 286 | 742 | 18559 |
12120 | 152 | 379 | 8 | 19 | 771 |
12121 | 410 | 1105 | 16 | 41 | 2271 |
12122 | 758 | 2147 | 62 | 150 | 4699 |
12123 | 1128 | 2983 | 63 | 173 | 6180 |
12124 | 688 | 1780 | 54 | 150 | 3966 |
12125 | 434 | 903 | 16 | 38 | 1938 |
12130 | 196 | 527 | 9 | 32 | 1031 |
12131 | 51 | 144 | 0 | 3 | 254 |
12132 | 45 | 103 | 5 | 9 | 249 |
12134 | 1011 | 2610 | 66 | 178 | 4859 |
12136 | 211 | 620 | 7 | 36 | 1264 |
12137 | 342 | 952 | 12 | 45 | 2040 |
12138 | 674 | 1974 | 23 | 76 | 3694 |
12139 | 99 | 234 | 4 | 9 | 476 |
12140 | 298 | 899 | 16 | 43 | 1866 |
12143 | 956 | 2467 | 95 | 222 | 5497 |
12144 | 5661 | 12387 | 544 | 1224 | 26262 |
12147 | 137 | 374 | 3 | 17 | 746 |
12148 | 1046 | 2662 | 74 | 222 | 6253 |
12149 | 465 | 1186 | 23 | 74 | 2479 |
12150 | 141 | 395 | 10 | 27 | 996 |
12151 | 203 | 569 | 13 | 34 | 1159 |
12153 | 142 | 427 | 7 | 14 | 928 |
12154 | 646 | 1694 | 38 | 103 | 3471 |
12155 | 308 | 926 | 26 | 70 | 1874 |
12156 | 175 | 471 | 13 | 22 | 1008 |
12157 | 761 | 2128 | 41 | 101 | 4476 |
12158 | 1114 | 3279 | 66 | 275 | 7129 |
12159 | 1780 | 4824 | 129 | 474 | 10789 |
12160 | 195 | 533 | 14 | 28 | 1026 |
12161 | 28 | 88 | 3 | 6 | 188 |
12164 | 197 | 451 | 16 | 30 | 812 |
12165 | 56 | 191 | 1 | 2 | 367 |
12166 | 317 | 743 | 16 | 37 | 1595 |
12167 | 680 | 1510 | 51 | 103 | 3112 |
12168 | 591 | 1420 | 29 | 66 | 2798 |
12170 | 970 | 2822 | 63 | 183 | 5593 |
12172 | 86 | 221 | 2 | 10 | 443 |
12173 | 389 | 1000 | 26 | 81 | 2202 |
12174 | 44 | 115 | 1 | 8 | 273 |
12175 | 159 | 427 | 16 | 28 | 998 |
12177 | 141 | 357 | 14 | 34 | 876 |
12180 | 15836 | 31053 | 2108 | 3868 | 63825 |
12182 | 4045 | 8602 | 385 | 830 | 17121 |
12183 | 818 | 1610 | 80 | 156 | 3363 |
12184 | 1706 | 4304 | 94 | 251 | 9061 |
12185 | 468 | 1166 | 22 | 67 | 2232 |
12186 | 1175 | 3627 | 68 | 250 | 7906 |
12187 | 122 | 368 | 13 | 18 | 759 |
12188 | 2682 | 6341 | 179 | 500 | 13985 |
12189 | 4409 | 9440 | 502 | 1285 | 21005 |
12190 | 219 | 546 | 21 | 49 | 1085 |
12193 | 345 | 1088 | 15 | 59 | 2283 |
12194 | 46 | 128 | 2 | 8 | 269 |
12196 | 556 | 1592 | 33 | 83 | 3363 |
12197 | 561 | 1320 | 31 | 105 | 2649 |
12198 | 1434 | 4135 | 81 | 236 | 8987 |
12202 | 3395 | 6777 | 696 | 1373 | 11720 |
12203 | 7406 | 15486 | 964 | 1997 | 35144 |
12204 | 2288 | 4859 | 305 | 691 | 9755 |
12205 | 5391 | 13945 | 549 | 1634 | 31430 |
12206 | 5063 | 9895 | 1008 | 1973 | 17890 |
12207 | 884 | 1609 | 148 | 296 | 2874 |
12208 | 5680 | 12016 | 737 | 1566 | 26304 |
12209 | 2400 | 5637 | 367 | 947 | 11558 |
12210 | 3934 | 7342 | 587 | 1159 | 13738 |
12211 | 2215 | 6196 | 201 | 675 | 14325 |
12222 | 3411 | 3562 | 1105 | 1158 | 9307 |
12302 | 6579 | 15787 | 423 | 1170 | 35613 |
12303 | 5575 | 13994 | 681 | 1997 | 33466 |
12304 | 4609 | 10082 | 661 | 1783 | 22805 |
12305 | 1887 | 3289 | 282 | 535 | 6838 |
12306 | 4887 | 12899 | 453 | 1372 | 30727 |
12307 | 1793 | 3269 | 492 | 960 | 6665 |
12308 | 3607 | 7171 | 627 | 1427 | 16106 |
12309 | 6496 | 16221 | 590 | 1904 | 38742 |
12401 | 7625 | 18707 | 959 | 2460 | 40418 |
12404 | 614 | 1960 | 44 | 146 | 4178 |
12406 | 164 | 407 | 18 | 45 | 847 |
12407 | 137 | 360 | 13 | 35 | 865 |
12409 | 180 | 564 | 15 | 51 | 1318 |
12410 | 74 | 201 | 7 | 29 | 507 |
12411 | 61 | 225 | 7 | 16 | 525 |
12412 | 105 | 327 | 19 | 36 | 797 |
12413 | 1286 | 3382 | 134 | 349 | 8058 |
12414 | 2730 | 6446 | 326 | 783 | 13785 |
12416 | 62 | 151 | 2 | 9 | 330 |
12417 | 92 | 278 | 6 | 21 | 531 |
12419 | 96 | 313 | 6 | 17 | 746 |
12420 | 52 | 118 | 2 | 7 | 297 |
12421 | 108 | 281 | 6 | 17 | 581 |
12422 | 617 | 1572 | 55 | 136 | 3451 |
12428 | 1537 | 3264 | 610 | 1300 | 7965 |
12429 | 105 | 275 | 11 | 26 | 589 |
12430 | 236 | 570 | 50 | 109 | 1452 |
12432 | 54 | 196 | 5 | 26 | 468 |
12433 | 65 | 218 | 7 | 31 | 549 |
12434 | 135 | 346 | 13 | 24 | 757 |
12435 | 85 | 204 | 16 | 49 | 612 |
12438 | 35 | 103 | 3 | 7 | 236 |
12440 | 386 | 1109 | 17 | 70 | 2430 |
12441 | 40 | 85 | 3 | 10 | 185 |
12442 | 828 | 1871 | 66 | 145 | 4188 |
12443 | 674 | 2040 | 39 | 146 | 4551 |
12444 | 207 | 485 | 9 | 34 | 1263 |
12446 | 878 | 2445 | 122 | 343 | 5710 |
12448 | 60 | 164 | 2 | 12 | 373 |
12449 | 790 | 1775 | 86 | 198 | 4054 |
12452 | 179 | 483 | 20 | 37 | 1194 |
12453 | 40 | 121 | 3 | 19 | 298 |
12455 | 388 | 941 | 19 | 71 | 2067 |
12456 | 92 | 332 | 10 | 24 | 621 |
12457 | 187 | 467 | 10 | 31 | 1059 |
12458 | 429 | 1144 | 91 | 237 | 2535 |
12459 | 38 | 144 | 5 | 6 | 293 |
12460 | 17 | 33 | 2 | 6 | 106 |
12461 | 329 | 959 | 10 | 46 | 2088 |
12464 | 212 | 537 | 33 | 82 | 1284 |
12465 | 83 | 173 | 5 | 13 | 396 |
12466 | 534 | 1478 | 48 | 168 | 3310 |
12468 | 173 | 458 | 9 | 28 | 1027 |
12469 | 138 | 336 | 12 | 39 | 754 |
12471 | 226 | 430 | 16 | 25 | 882 |
12472 | 399 | 984 | 34 | 80 | 2148 |
12474 | 277 | 666 | 32 | 63 | 1466 |
12475 | 63 | 211 | 3 | 15 | 428 |
12477 | 3622 | 10031 | 283 | 925 | 21997 |
12480 | 130 | 301 | 9 | 22 | 700 |
12481 | 255 | 748 | 13 | 34 | 1700 |
12483 | 93 | 162 | 28 | 45 | 403 |
12484 | 509 | 1543 | 55 | 137 | 3415 |
12486 | 266 | 787 | 12 | 41 | 1743 |
12487 | 677 | 1760 | 44 | 134 | 3767 |
12489 | 111 | 251 | 22 | 39 | 516 |
12490 | 22 | 48 | 0 | 3 | 112 |
12491 | 361 | 1047 | 33 | 84 | 2367 |
12493 | 103 | 232 | 10 | 27 | 505 |
12494 | 110 | 367 | 5 | 22 | 878 |
12495 | 78 | 198 | 8 | 15 | 459 |
12496 | 444 | 1060 | 19 | 61 | 2353 |
12498 | 1155 | 2979 | 87 | 235 | 6853 |
12501 | 474 | 1166 | 36 | 97 | 2378 |
12502 | 257 | 684 | 13 | 40 | 1463 |
12503 | 174 | 473 | 11 | 31 | 954 |
12504 | 912 | 1384 | 138 | 222 | 3378 |
12507 | 60 | 107 | 6 | 9 | 256 |
12508 | 3657 | 9061 | 990 | 2430 | 21562 |
12512 | 27 | 80 | 5 | 13 | 169 |
12513 | 152 | 422 | 10 | 36 | 926 |
12514 | 480 | 1471 | 47 | 139 | 3532 |
12515 | 226 | 620 | 43 | 145 | 1601 |
12516 | 389 | 1055 | 23 | 66 | 2259 |
12517 | 87 | 268 | 4 | 10 | 544 |
12518 | 1626 | 3576 | 188 | 561 | 8114 |
12520 | 1005 | 2189 | 64 | 196 | 4880 |
12521 | 276 | 852 | 24 | 72 | 1981 |
12522 | 818 | 2266 | 82 | 266 | 4929 |
12523 | 391 | 1054 | 18 | 60 | 2161 |
12524 | 2544 | 6843 | 435 | 1436 | 17493 |
12525 | 675 | 1808 | 77 | 211 | 4122 |
12526 | 831 | 2203 | 71 | 185 | 4955 |
12527 | 40 | 86 | 5 | 19 | 186 |
12528 | 2650 | 6748 | 379 | 1113 | 16748 |
12529 | 559 | 1607 | 48 | 125 | 3636 |
12531 | 565 | 1542 | 71 | 210 | 3853 |
12533 | 3167 | 10167 | 617 | 2274 | 28083 |
12534 | 4276 | 9978 | 537 | 1370 | 21539 |
12538 | 2562 | 6892 | 307 | 845 | 15110 |
12540 | 1147 | 3431 | 146 | 514 | 8866 |
12542 | 1173 | 2787 | 215 | 539 | 7243 |
12543 | 747 | 1598 | 156 | 527 | 3894 |
12544 | 29 | 92 | 0 | 7 | 171 |
12545 | 1050 | 2528 | 54 | 202 | 5604 |
12546 | 639 | 1639 | 58 | 159 | 3400 |
12547 | 533 | 1406 | 54 | 164 | 3405 |
12548 | 263 | 698 | 60 | 124 | 1617 |
12549 | 2130 | 5374 | 287 | 1008 | 12728 |
12550 | 12912 | 26225 | 3729 | 9669 | 60225 |
12553 | 4869 | 11582 | 1103 | 3787 | 29507 |
12561 | 6763 | 12163 | 1606 | 2538 | 30631 |
12563 | 1292 | 3181 | 211 | 654 | 8037 |
12564 | 1313 | 3688 | 185 | 547 | 8499 |
12565 | 346 | 940 | 29 | 54 | 1803 |
12566 | 2284 | 5532 | 270 | 815 | 12787 |
12567 | 534 | 1517 | 45 | 145 | 3204 |
12568 | 17 | 24 | 17 | 41 | 115 |
12569 | 1627 | 4732 | 183 | 604 | 11183 |
12570 | 966 | 3148 | 104 | 493 | 7918 |
12571 | 2090 | 5466 | 168 | 436 | 12408 |
12572 | 2324 | 5548 | 157 | 434 | 12433 |
12574 | 84 | 210 | 8 | 22 | 435 |
12575 | 371 | 1086 | 60 | 222 | 2680 |
12577 | 329 | 976 | 67 | 233 | 2468 |
12578 | 397 | 1245 | 28 | 64 | 2648 |
12580 | 766 | 2094 | 60 | 176 | 4686 |
12581 | 494 | 1269 | 34 | 108 | 2696 |
12582 | 681 | 2053 | 87 | 321 | 5213 |
12583 | 771 | 1617 | 60 | 131 | 3557 |
12585 | 155 | 422 | 6 | 39 | 989 |
12586 | 2880 | 6474 | 521 | 1503 | 15235 |
12588 | 50 | 93 | 4 | 8 | 193 |
12589 | 2613 | 6433 | 712 | 1799 | 15950 |
12590 | 5745 | 15689 | 1273 | 3959 | 40716 |
12592 | 264 | 688 | 31 | 81 | 1394 |
12594 | 612 | 1759 | 111 | 384 | 4045 |
12601 | 9312 | 20766 | 1492 | 3906 | 42609 |
12603 | 7034 | 19577 | 1050 | 3566 | 46914 |
12604 | 508 | 1001 | 94 | 214 | 2418 |
12701 | 3779 | 6857 | 1214 | 2325 | 16010 |
12719 | 305 | 604 | 37 | 64 | 1422 |
12720 | 116 | 176 | 11 | 20 | 441 |
12721 | 2095 | 3986 | 304 | 679 | 9213 |
12722 | 107 | 177 | 7 | 11 | 382 |
12723 | 420 | 948 | 71 | 107 | 2197 |
12724 | 97 | 222 | 10 | 15 | 506 |
12725 | 120 | 228 | 6 | 17 | 515 |
12726 | 316 | 666 | 28 | 67 | 1514 |
12727 | 26 | 83 | 2 | 11 | 204 |
12729 | 417 | 947 | 62 | 201 | 2076 |
12732 | 239 | 522 | 12 | 33 | 1113 |
12733 | 262 | 647 | 39 | 75 | 2067 |
12734 | 231 | 426 | 35 | 87 | 1042 |
12736 | 31 | 87 | 3 | 8 | 206 |
12737 | 450 | 994 | 45 | 110 | 2517 |
12738 | 57 | 123 | 17 | 28 | 328 |
12740 | 551 | 1227 | 41 | 91 | 2551 |
12741 | 93 | 186 | 5 | 17 | 447 |
12742 | 64 | 115 | 17 | 43 | 311 |
12743 | 100 | 201 | 5 | 15 | 498 |
12745 | 60 | 146 | 8 | 8 | 275 |
12746 | 264 | 610 | 33 | 84 | 1220 |
12747 | 500 | 968 | 88 | 187 | 2226 |
12748 | 492 | 1106 | 54 | 106 | 2322 |
12749 | 140 | 284 | 15 | 32 | 654 |
12750 | 64 | 151 | 5 | 5 | 329 |
12751 | 331 | 560 | 53 | 114 | 1464 |
12752 | 103 | 228 | 8 | 17 | 540 |
12754 | 1800 | 3500 | 431 | 913 | 8006 |
12758 | 946 | 2164 | 154 | 310 | 4670 |
12759 | 699 | 1079 | 171 | 292 | 2708 |
12760 | 125 | 262 | 9 | 27 | 657 |
12762 | 108 | 258 | 25 | 39 | 620 |
12763 | 302 | 496 | 59 | 126 | 1306 |
12764 | 476 | 1043 | 60 | 120 | 2404 |
12765 | 205 | 512 | 12 | 32 | 1111 |
12766 | 83 | 221 | 11 | 22 | 510 |
12767 | 20 | 39 | 3 | 3 | 120 |
12768 | 225 | 522 | 37 | 85 | 1205 |
12769 | 71 | 136 | 17 | 32 | 329 |
12770 | 83 | 145 | 5 | 14 | 312 |
12771 | 4559 | 8822 | 583 | 1411 | 18997 |
12775 | 656 | 1420 | 116 | 315 | 3470 |
12776 | 636 | 1315 | 54 | 125 | 2788 |
12777 | 189 | 470 | 28 | 55 | 1154 |
12778 | 278 | 507 | 27 | 66 | 1283 |
12779 | 762 | 1241 | 196 | 381 | 3138 |
12780 | 485 | 1231 | 26 | 106 | 2670 |
12781 | 92 | 201 | 14 | 29 | 419 |
12783 | 399 | 816 | 90 | 194 | 2036 |
12784 | 30 | 60 | 7 | 16 | 191 |
12785 | 277 | 572 | 27 | 94 | 1301 |
12786 | 199 | 421 | 14 | 40 | 1036 |
12787 | 115 | 254 | 16 | 26 | 544 |
12788 | 508 | 1173 | 90 | 211 | 2741 |
12789 | 672 | 1226 | 143 | 280 | 3379 |
12790 | 1373 | 2823 | 212 | 452 | 6351 |
12791 | 163 | 428 | 12 | 24 | 886 |
12792 | 157 | 324 | 12 | 18 | 641 |
12801 | 4557 | 9699 | 304 | 623 | 17871 |
12803 | 2220 | 5429 | 166 | 354 | 9882 |
12804 | 6685 | 17009 | 413 | 1081 | 33156 |
12808 | 105 | 260 | 2 | 5 | 495 |
12809 | 741 | 2113 | 37 | 120 | 3791 |
12810 | 139 | 417 | 3 | 9 | 683 |
12811 | 45 | 125 | 1 | 4 | 225 |
12812 | 66 | 140 | 6 | 18 | 258 |
12814 | 408 | 1074 | 21 | 52 | 2103 |
12815 | 254 | 731 | 13 | 31 | 1303 |
12816 | 1124 | 2855 | 54 | 125 | 5247 |
12817 | 495 | 1446 | 18 | 61 | 2725 |
12819 | 75 | 214 | 2 | 3 | 346 |
12820 | 36 | 111 | 1 | 5 | 204 |
12821 | 93 | 219 | 1 | 5 | 327 |
12822 | 1210 | 3371 | 71 | 193 | 6274 |
12823 | 55 | 164 | 10 | 15 | 332 |
12824 | 165 | 511 | 7 | 18 | 1052 |
12827 | 903 | 2511 | 39 | 118 | 4242 |
12828 | 2561 | 5995 | 121 | 305 | 10711 |
12831 | 3632 | 10207 | 200 | 596 | 20121 |
12832 | 1428 | 3834 | 44 | 128 | 6527 |
12833 | 805 | 2452 | 67 | 176 | 5012 |
12834 | 1585 | 4178 | 91 | 191 | 7498 |
12835 | 796 | 1886 | 33 | 72 | 3389 |
12836 | 230 | 490 | 7 | 13 | 958 |
12837 | 144 | 452 | 11 | 24 | 766 |
12838 | 181 | 406 | 1 | 8 | 688 |
12839 | 3521 | 7884 | 194 | 446 | 14062 |
12841 | 63 | 114 | 5 | 7 | 257 |
12842 | 391 | 932 | 18 | 47 | 1657 |
12843 | 127 | 359 | 5 | 13 | 666 |
12844 | 109 | 249 | 2 | 8 | 453 |
12845 | 1237 | 3133 | 79 | 189 | 6258 |
12846 | 958 | 2223 | 41 | 88 | 4069 |
12847 | 332 | 675 | 5 | 12 | 1184 |
12849 | 110 | 301 | 4 | 15 | 539 |
12850 | 524 | 1555 | 39 | 86 | 3176 |
12851 | 124 | 277 | 3 | 4 | 479 |
12852 | 138 | 334 | 7 | 10 | 678 |
12853 | 318 | 846 | 8 | 23 | 1511 |
12854 | 57 | 133 | 1 | 3 | 214 |
12855 | 80 | 179 | 7 | 19 | 355 |
12856 | 37 | 127 | 1 | 9 | 300 |
12857 | 148 | 379 | 0 | 4 | 689 |
12858 | 20 | 55 | 0 | 2 | 106 |
12859 | 358 | 1102 | 12 | 51 | 2213 |
12860 | 253 | 614 | 18 | 36 | 1084 |
12861 | 221 | 507 | 13 | 29 | 844 |
12863 | 115 | 411 | 4 | 15 | 759 |
12865 | 842 | 2214 | 41 | 107 | 3879 |
12866 | 10487 | 24775 | 908 | 1976 | 52165 |
12870 | 552 | 1264 | 25 | 54 | 2512 |
12871 | 920 | 2410 | 72 | 135 | 4554 |
12873 | 135 | 468 | 9 | 26 | 881 |
12874 | 62 | 118 | 3 | 3 | 219 |
12878 | 210 | 559 | 12 | 38 | 988 |
12883 | 1225 | 2852 | 58 | 133 | 5498 |
12884 | 115 | 275 | 8 | 14 | 476 |
12885 | 1126 | 2881 | 39 | 100 | 4883 |
12886 | 37 | 144 | 1 | 1 | 251 |
12887 | 1081 | 2724 | 55 | 132 | 4931 |
12901 | 7757 | 16610 | 813 | 1645 | 36118 |
12903 | 485 | 1099 | 47 | 96 | 2394 |
12910 | 227 | 650 | 27 | 68 | 1671 |
12912 | 493 | 1221 | 44 | 90 | 2378 |
12913 | 252 | 645 | 9 | 21 | 1293 |
12914 | 152 | 402 | 7 | 17 | 759 |
12916 | 355 | 1065 | 16 | 41 | 2014 |
12917 | 246 | 699 | 8 | 37 | 1302 |
12918 | 386 | 1186 | 31 | 101 | 2544 |
12919 | 386 | 1152 | 46 | 138 | 3056 |
12920 | 471 | 1358 | 21 | 51 | 2481 |
12921 | 351 | 1044 | 40 | 119 | 2502 |
12923 | 89 | 259 | 2 | 6 | 591 |
12924 | 15 | 81 | 1 | 5 | 140 |
12926 | 368 | 1002 | 16 | 46 | 1938 |
12927 | 94 | 188 | 4 | 5 | 389 |
12928 | 349 | 1049 | 22 | 57 | 2011 |
12929 | 201 | 511 | 21 | 57 | 1097 |
12930 | 123 | 387 | 7 | 20 | 707 |
12932 | 266 | 715 | 16 | 38 | 1317 |
12934 | 141 | 453 | 4 | 18 | 1052 |
12935 | 255 | 749 | 21 | 52 | 1700 |
12936 | 186 | 488 | 5 | 18 | 856 |
12937 | 276 | 724 | 10 | 21 | 1419 |
12939 | 62 | 157 | 1 | 3 | 274 |
12941 | 296 | 865 | 18 | 52 | 1746 |
12942 | 137 | 466 | 4 | 18 | 878 |
12943 | 113 | 325 | 3 | 5 | 582 |
12944 | 1106 | 2418 | 76 | 160 | 4886 |
12945 | 114 | 342 | 5 | 8 | 629 |
12946 | 1522 | 3568 | 76 | 163 | 6851 |
12950 | 274 | 770 | 14 | 51 | 1376 |
12952 | 120 | 281 | 6 | 16 | 624 |
12953 | 2162 | 5562 | 118 | 303 | 11234 |
12955 | 118 | 258 | 3 | 10 | 486 |
12956 | 230 | 616 | 4 | 19 | 1175 |
12957 | 284 | 788 | 20 | 47 | 1538 |
12958 | 208 | 662 | 16 | 63 | 1768 |
12959 | 124 | 413 | 5 | 21 | 1241 |
12960 | 183 | 546 | 5 | 29 | 1113 |
12961 | 45 | 134 | 0 | 3 | 230 |
12962 | 967 | 2828 | 72 | 178 | 6080 |
12964 | 22 | 67 | 0 | 2 | 104 |
12965 | 97 | 260 | 1 | 7 | 512 |
12966 | 477 | 1479 | 29 | 74 | 2687 |
12967 | 186 | 554 | 9 | 26 | 1044 |
12969 | 76 | 217 | 2 | 8 | 441 |
12970 | 130 | 269 | 2 | 11 | 491 |
12972 | 1173 | 3267 | 81 | 209 | 6684 |
12973 | 33 | 100 | 0 | 0 | 206 |
12974 | 350 | 878 | 12 | 32 | 1585 |
12975 | 74 | 189 | 2 | 9 | 441 |
12976 | 72 | 199 | 6 | 8 | 337 |
12977 | 68 | 132 | 1 | 7 | 247 |
12978 | 59 | 183 | 1 | 5 | 366 |
12979 | 438 | 1094 | 38 | 107 | 2682 |
12980 | 298 | 773 | 15 | 34 | 1422 |
12981 | 361 | 1213 | 23 | 73 | 2460 |
12983 | 2617 | 5351 | 147 | 270 | 10255 |
12985 | 145 | 450 | 6 | 36 | 1011 |
12986 | 1313 | 3011 | 96 | 187 | 6352 |
12987 | 62 | 174 | 3 | 5 | 300 |
12989 | 240 | 644 | 10 | 18 | 1242 |
12992 | 642 | 2164 | 40 | 179 | 4826 |
12993 | 344 | 972 | 27 | 59 | 1765 |
12996 | 444 | 1246 | 35 | 92 | 2346 |
12997 | 299 | 849 | 6 | 28 | 1543 |
12998 | 114 | 273 | 7 | 20 | 526 |
13020 | 74 | 138 | 3 | 5 | 225 |
13021 | 8687 | 21357 | 516 | 1276 | 43351 |
13026 | 468 | 1024 | 45 | 80 | 1893 |
13027 | 11711 | 24310 | 590 | 1425 | 49150 |
13028 | 319 | 826 | 13 | 34 | 1468 |
13029 | 2187 | 4665 | 108 | 282 | 9611 |
13030 | 1122 | 2488 | 69 | 153 | 4998 |
13031 | 5055 | 10865 | 278 | 703 | 23162 |
13032 | 2719 | 6938 | 138 | 309 | 13527 |
13033 | 997 | 2495 | 28 | 94 | 4242 |
13034 | 412 | 1135 | 26 | 67 | 2049 |
13035 | 2283 | 5597 | 117 | 297 | 10791 |
13036 | 2214 | 5425 | 119 | 276 | 10080 |
13037 | 2120 | 5366 | 94 | 267 | 10560 |
13039 | 4426 | 10518 | 249 | 690 | 22731 |
13040 | 604 | 1572 | 40 | 114 | 2835 |
13041 | 2762 | 6781 | 193 | 538 | 14310 |
13042 | 601 | 1475 | 23 | 65 | 2734 |
13044 | 679 | 1595 | 22 | 45 | 3016 |
13045 | 10937 | 20307 | 1161 | 1842 | 39471 |
13052 | 626 | 1419 | 30 | 69 | 2329 |
13053 | 1310 | 2998 | 87 | 210 | 5554 |
13054 | 280 | 761 | 9 | 22 | 1503 |
13057 | 4799 | 9699 | 298 | 643 | 20780 |
13060 | 1136 | 2166 | 38 | 87 | 3911 |
13061 | 249 | 674 | 18 | 37 | 1295 |
13062 | 60 | 119 | 2 | 9 | 237 |
13063 | 558 | 1314 | 19 | 46 | 2541 |
13066 | 5347 | 10226 | 293 | 649 | 21651 |
13068 | 1445 | 3567 | 83 | 247 | 6499 |
13069 | 5499 | 13876 | 378 | 875 | 25832 |
13071 | 234 | 585 | 13 | 36 | 1039 |
13072 | 217 | 509 | 10 | 14 | 895 |
13073 | 1757 | 4134 | 101 | 279 | 7274 |
13074 | 893 | 2437 | 46 | 102 | 4311 |
13076 | 472 | 1296 | 17 | 52 | 2473 |
13077 | 1672 | 4378 | 55 | 161 | 7674 |
13078 | 2912 | 6241 | 195 | 516 | 13919 |
13080 | 1185 | 2508 | 61 | 131 | 4804 |
13081 | 310 | 692 | 21 | 39 | 1295 |
13082 | 1273 | 2869 | 53 | 130 | 5953 |
13083 | 418 | 1095 | 34 | 74 | 2028 |
13084 | 1494 | 3251 | 60 | 156 | 6102 |
13087 | 22 | 52 | 4 | 5 | 122 |
13088 | 8069 | 14860 | 631 | 1339 | 33184 |
13090 | 10802 | 21221 | 823 | 1755 | 45298 |
13092 | 700 | 1581 | 32 | 91 | 2769 |
13101 | 505 | 1457 | 21 | 57 | 2378 |
13102 | 53 | 126 | 2 | 3 | 200 |
13103 | 60 | 164 | 3 | 7 | 298 |
13104 | 6479 | 12327 | 462 | 979 | 26142 |
13108 | 2126 | 4759 | 97 | 219 | 8796 |
13110 | 721 | 1760 | 49 | 100 | 3214 |
13111 | 417 | 940 | 39 | 98 | 1731 |
13112 | 580 | 1357 | 17 | 56 | 2473 |
13114 | 1374 | 3970 | 64 | 187 | 6997 |
13115 | 40 | 86 | 0 | 2 | 158 |
13116 | 1148 | 2335 | 62 | 157 | 4854 |
13118 | 1301 | 3323 | 55 | 148 | 5744 |
13120 | 615 | 1374 | 32 | 60 | 2358 |
13122 | 289 | 768 | 24 | 65 | 1341 |
13123 | 80 | 178 | 2 | 7 | 316 |
13124 | 29 | 81 | 0 | 0 | 131 |
13126 | 9803 | 21072 | 953 | 1701 | 41402 |
13131 | 918 | 2396 | 32 | 76 | 4243 |
13132 | 929 | 2440 | 53 | 106 | 4568 |
13135 | 1903 | 4091 | 86 | 183 | 7953 |
13136 | 128 | 293 | 8 | 18 | 489 |
13138 | 75 | 125 | 0 | 1 | 207 |
13140 | 862 | 2359 | 27 | 80 | 4355 |
13141 | 211 | 489 | 9 | 23 | 829 |
13142 | 1617 | 4140 | 77 | 159 | 7434 |
13143 | 696 | 1568 | 40 | 90 | 2824 |
13144 | 324 | 866 | 20 | 43 | 1471 |
13145 | 464 | 1170 | 16 | 40 | 2038 |
13146 | 482 | 1238 | 31 | 70 | 2145 |
13147 | 206 | 584 | 3 | 22 | 1027 |
13148 | 2702 | 6195 | 191 | 418 | 12836 |
13152 | 3742 | 7466 | 146 | 306 | 13913 |
13153 | 125 | 226 | 9 | 18 | 407 |
13155 | 176 | 448 | 6 | 13 | 675 |
13156 | 735 | 1658 | 27 | 66 | 2955 |
13157 | 243 | 476 | 17 | 28 | 990 |
13158 | 422 | 1001 | 16 | 44 | 1606 |
13159 | 2044 | 4132 | 102 | 232 | 7718 |
13160 | 434 | 1156 | 33 | 96 | 2192 |
13162 | 90 | 200 | 2 | 7 | 370 |
13163 | 82 | 172 | 2 | 2 | 302 |
13164 | 489 | 1294 | 22 | 84 | 2886 |
13165 | 2502 | 6025 | 179 | 417 | 11469 |
13166 | 1337 | 3296 | 51 | 154 | 6123 |
13167 | 725 | 1846 | 40 | 89 | 3762 |
13202 | 3379 | 5000 | 588 | 991 | 9239 |
13203 | 6715 | 10390 | 777 | 1449 | 21742 |
13204 | 7519 | 12540 | 1962 | 3330 | 25804 |
13205 | 8978 | 15952 | 1081 | 2002 | 26155 |
13206 | 5718 | 10750 | 535 | 1168 | 22953 |
13207 | 5255 | 10419 | 603 | 1308 | 18114 |
13208 | 6678 | 11513 | 879 | 1847 | 25299 |
13209 | 3215 | 6828 | 272 | 640 | 17008 |
13210 | 19064 | 24961 | 3139 | 4171 | 52836 |
13211 | 2045 | 4063 | 108 | 299 | 8096 |
13212 | 6867 | 13735 | 481 | 1011 | 29235 |
13214 | 3236 | 5878 | 289 | 553 | 12828 |
13215 | 4710 | 10179 | 291 | 671 | 20998 |
13219 | 4678 | 10071 | 260 | 679 | 22373 |
13224 | 3995 | 7316 | 413 | 839 | 13792 |
13301 | 16 | 59 | 0 | 2 | 119 |
13302 | 357 | 955 | 28 | 54 | 1737 |
13303 | 181 | 535 | 8 | 31 | 1220 |
13304 | 256 | 831 | 9 | 28 | 1863 |
13305 | 49 | 132 | 1 | 4 | 330 |
13308 | 543 | 1779 | 19 | 78 | 3316 |
13309 | 898 | 2739 | 51 | 141 | 5588 |
13310 | 154 | 394 | 5 | 13 | 667 |
13312 | 63 | 226 | 0 | 1 | 499 |
13313 | 135 | 300 | 5 | 12 | 519 |
13314 | 87 | 182 | 3 | 8 | 296 |
13315 | 205 | 725 | 18 | 32 | 1307 |
13316 | 1145 | 3360 | 47 | 121 | 6100 |
13317 | 811 | 1930 | 40 | 123 | 3987 |
13318 | 186 | 630 | 6 | 34 | 1179 |
13319 | 128 | 332 | 10 | 28 | 780 |
13320 | 423 | 1140 | 21 | 74 | 2219 |
13321 | 172 | 516 | 13 | 38 | 978 |
13322 | 206 | 575 | 14 | 31 | 1236 |
13323 | 2160 | 5741 | 152 | 403 | 12360 |
13324 | 421 | 1244 | 25 | 51 | 2323 |
13325 | 156 | 518 | 6 | 18 | 1038 |
13326 | 1476 | 3414 | 85 | 189 | 6923 |
13327 | 237 | 828 | 18 | 53 | 2139 |
13328 | 217 | 614 | 12 | 41 | 1156 |
13329 | 757 | 1981 | 33 | 81 | 3758 |
13331 | 144 | 276 | 0 | 3 | 479 |
13332 | 780 | 1749 | 30 | 49 | 2976 |
13334 | 292 | 764 | 16 | 35 | 1338 |
13335 | 268 | 779 | 22 | 56 | 1442 |
13337 | 174 | 453 | 10 | 20 | 941 |
13338 | 268 | 734 | 7 | 21 | 1426 |
13339 | 1199 | 3003 | 81 | 194 | 6214 |
13340 | 1089 | 3255 | 74 | 214 | 8514 |
13342 | 40 | 107 | 1 | 4 | 212 |
13343 | 278 | 888 | 8 | 40 | 1860 |
13345 | 55 | 142 | 4 | 9 | 262 |
13346 | 1446 | 3090 | 119 | 244 | 6022 |
13348 | 279 | 775 | 10 | 43 | 1423 |
13350 | 1733 | 4457 | 139 | 346 | 10257 |
13352 | 23 | 63 | 0 | 3 | 120 |
13353 | 31 | 56 | 4 | 4 | 149 |
13354 | 402 | 1537 | 12 | 49 | 3167 |
13355 | 188 | 482 | 4 | 24 | 891 |
13357 | 1979 | 5612 | 131 | 351 | 11189 |
13360 | 153 | 355 | 11 | 16 | 643 |
13361 | 88 | 304 | 4 | 7 | 640 |
13363 | 275 | 996 | 17 | 70 | 2063 |
13364 | 80 | 141 | 3 | 6 | 253 |
13365 | 1361 | 3858 | 70 | 230 | 8802 |
13367 | 1561 | 4299 | 63 | 180 | 9160 |
13368 | 206 | 635 | 9 | 39 | 1221 |
13402 | 325 | 765 | 17 | 32 | 1429 |
13403 | 650 | 2101 | 44 | 149 | 4931 |
13406 | 165 | 399 | 5 | 17 | 742 |
13407 | 924 | 2687 | 38 | 117 | 5479 |
13408 | 751 | 1680 | 36 | 68 | 2927 |
13409 | 506 | 1383 | 11 | 37 | 2362 |
13410 | 98 | 232 | 9 | 17 | 445 |
13411 | 865 | 1979 | 47 | 99 | 3411 |
13413 | 2657 | 7239 | 204 | 616 | 17714 |
13416 | 379 | 1167 | 11 | 48 | 2208 |
13417 | 495 | 1396 | 50 | 125 | 3421 |
13418 | 46 | 122 | 1 | 4 | 218 |
13420 | 420 | 1056 | 25 | 39 | 2193 |
13421 | 3664 | 8100 | 187 | 374 | 15363 |
13424 | 355 | 1055 | 18 | 69 | 2263 |
13425 | 356 | 1025 | 25 | 72 | 1833 |
13428 | 285 | 669 | 6 | 32 | 1504 |
13431 | 318 | 920 | 11 | 55 | 2003 |
13433 | 312 | 949 | 12 | 43 | 1774 |
13435 | 45 | 136 | 0 | 0 | 290 |
13436 | 43 | 91 | 2 | 5 | 198 |
13437 | 128 | 300 | 7 | 18 | 580 |
13438 | 604 | 1977 | 15 | 69 | 3712 |
13439 | 771 | 2045 | 37 | 101 | 4341 |
13440 | 5992 | 17220 | 537 | 1624 | 37780 |
13441 | 24 | 65 | 3 | 8 | 118 |
13450 | 41 | 135 | 0 | 3 | 241 |
13452 | 944 | 2303 | 57 | 131 | 4647 |
13454 | 151 | 432 | 9 | 13 | 801 |
13456 | 582 | 1855 | 30 | 99 | 4002 |
13459 | 447 | 1107 | 34 | 77 | 2302 |
13460 | 998 | 2608 | 48 | 123 | 4555 |
13461 | 748 | 1882 | 21 | 71 | 3667 |
13464 | 247 | 741 | 10 | 28 | 1142 |
13468 | 71 | 186 | 8 | 14 | 349 |
13469 | 98 | 361 | 6 | 28 | 748 |
13470 | 166 | 429 | 4 | 14 | 769 |
13471 | 405 | 1291 | 30 | 85 | 2598 |
13472 | 74 | 191 | 1 | 7 | 390 |
13473 | 160 | 423 | 3 | 18 | 836 |
13475 | 29 | 73 | 0 | 0 | 132 |
13476 | 563 | 1608 | 22 | 62 | 3200 |
13477 | 195 | 674 | 9 | 25 | 1213 |
13478 | 498 | 1553 | 14 | 55 | 3061 |
13480 | 585 | 1704 | 16 | 78 | 3207 |
13483 | 51 | 175 | 4 | 5 | 274 |
13485 | 257 | 743 | 18 | 45 | 1382 |
13486 | 110 | 356 | 7 | 20 | 749 |
13488 | 34 | 78 | 1 | 4 | 181 |
13489 | 141 | 363 | 4 | 12 | 813 |
13490 | 176 | 610 | 9 | 44 | 1257 |
13491 | 890 | 2259 | 38 | 93 | 4009 |
13492 | 1542 | 5093 | 115 | 352 | 12050 |
13493 | 501 | 1220 | 15 | 43 | 2164 |
13494 | 81 | 192 | 0 | 4 | 408 |
13495 | 231 | 715 | 24 | 81 | 1930 |
13501 | 4798 | 11645 | 1129 | 3050 | 30750 |
13502 | 4985 | 12594 | 710 | 1957 | 30100 |
13601 | 9280 | 20430 | 1025 | 2021 | 38667 |
13602 | 545 | 724 | 125 | 210 | 1505 |
13603 | 2328 | 3208 | 610 | 897 | 6550 |
13605 | 812 | 2518 | 31 | 97 | 4400 |
13606 | 488 | 1473 | 31 | 94 | 2610 |
13607 | 519 | 1240 | 33 | 76 | 2374 |
13608 | 344 | 958 | 14 | 39 | 1539 |
13611 | 63 | 159 | 1 | 2 | 276 |
13612 | 661 | 1565 | 52 | 126 | 2781 |
13613 | 400 | 1202 | 17 | 54 | 2393 |
13614 | 49 | 141 | 0 | 1 | 240 |
13615 | 242 | 631 | 11 | 23 | 1159 |
13616 | 476 | 858 | 71 | 126 | 1669 |
13617 | 2335 | 5666 | 213 | 388 | 10592 |
13618 | 601 | 1505 | 19 | 49 | 2895 |
13619 | 2506 | 5647 | 216 | 436 | 10563 |
13620 | 259 | 810 | 11 | 44 | 2101 |
13621 | 99 | 317 | 4 | 13 | 586 |
13622 | 439 | 1347 | 26 | 71 | 2519 |
13624 | 1014 | 2660 | 43 | 132 | 5170 |
13625 | 380 | 1287 | 19 | 36 | 2115 |
13626 | 528 | 1357 | 58 | 149 | 2458 |
13628 | 72 | 146 | 3 | 6 | 276 |
13630 | 225 | 769 | 7 | 24 | 1244 |
13632 | 37 | 130 | 2 | 5 | 236 |
13633 | 38 | 109 | 1 | 7 | 209 |
13634 | 714 | 2217 | 28 | 118 | 3997 |
13635 | 199 | 544 | 1 | 19 | 920 |
13636 | 68 | 178 | 2 | 5 | 305 |
13637 | 1061 | 2168 | 210 | 375 | 4092 |
13638 | 100 | 219 | 14 | 30 | 404 |
13639 | 57 | 159 | 2 | 3 | 216 |
13640 | 151 | 369 | 5 | 10 | 657 |
13641 | 34 | 79 | 0 | 2 | 148 |
13642 | 1888 | 4863 | 139 | 272 | 8436 |
13643 | 61 | 124 | 9 | 12 | 232 |
13646 | 501 | 1357 | 19 | 35 | 2476 |
13648 | 604 | 1500 | 20 | 81 | 2662 |
13649 | 31 | 78 | 2 | 3 | 139 |
13650 | 345 | 946 | 5 | 23 | 1616 |
13651 | 75 | 171 | 2 | 4 | 274 |
13652 | 287 | 1014 | 10 | 26 | 1694 |
13654 | 326 | 1084 | 6 | 39 | 1754 |
13655 | 161 | 792 | 6 | 29 | 1503 |
13656 | 375 | 1246 | 15 | 61 | 2316 |
13658 | 349 | 1278 | 19 | 32 | 2239 |
13659 | 125 | 346 | 2 | 7 | 626 |
13660 | 265 | 1001 | 15 | 69 | 1743 |
13661 | 314 | 875 | 10 | 35 | 1487 |
13662 | 3107 | 8164 | 256 | 644 | 16395 |
13664 | 139 | 334 | 2 | 12 | 569 |
13665 | 196 | 515 | 10 | 23 | 910 |
13666 | 56 | 141 | 5 | 15 | 235 |
13667 | 582 | 1623 | 29 | 99 | 3093 |
13668 | 534 | 1687 | 22 | 107 | 3177 |
13669 | 2836 | 8059 | 154 | 395 | 14325 |
13670 | 97 | 267 | 7 | 10 | 423 |
13672 | 135 | 358 | 2 | 10 | 665 |
13673 | 515 | 1288 | 50 | 84 | 2262 |
13674 | 35 | 109 | 1 | 5 | 184 |
13675 | 35 | 104 | 2 | 6 | 175 |
13676 | 2963 | 7269 | 242 | 523 | 13491 |
13679 | 311 | 1012 | 21 | 78 | 1884 |
13680 | 166 | 536 | 6 | 13 | 931 |
13681 | 158 | 456 | 13 | 25 | 739 |
13682 | 189 | 578 | 5 | 17 | 966 |
13684 | 174 | 644 | 5 | 17 | 1079 |
13685 | 698 | 1592 | 45 | 107 | 2988 |
13687 | 89 | 337 | 6 | 19 | 562 |
13690 | 200 | 484 | 7 | 20 | 826 |
13691 | 625 | 1790 | 32 | 111 | 3008 |
13692 | 39 | 73 | 2 | 4 | 142 |
13693 | 186 | 428 | 5 | 21 | 803 |
13694 | 305 | 961 | 10 | 29 | 1713 |
13695 | 34 | 69 | 2 | 5 | 142 |
13696 | 46 | 122 | 0 | 1 | 220 |
13697 | 340 | 1043 | 12 | 37 | 1939 |
13730 | 712 | 1721 | 38 | 75 | 3224 |
13731 | 262 | 690 | 18 | 51 | 1484 |
13732 | 2159 | 5011 | 133 | 304 | 10096 |
13733 | 1356 | 3204 | 62 | 136 | 5606 |
13734 | 452 | 1330 | 18 | 44 | 2244 |
13736 | 549 | 1442 | 19 | 39 | 2645 |
13739 | 171 | 531 | 14 | 36 | 1039 |
13740 | 129 | 340 | 4 | 19 | 746 |
13743 | 832 | 2213 | 55 | 111 | 3939 |
13744 | 189 | 612 | 8 | 44 | 1100 |
13746 | 465 | 1527 | 16 | 57 | 2804 |
13748 | 565 | 1972 | 20 | 75 | 3654 |
13750 | 222 | 567 | 11 | 29 | 1115 |
13751 | 75 | 157 | 1 | 5 | 250 |
13752 | 153 | 416 | 12 | 37 | 872 |
13753 | 1237 | 2660 | 173 | 278 | 5612 |
13754 | 787 | 1906 | 45 | 139 | 3601 |
13755 | 245 | 701 | 12 | 33 | 1271 |
13756 | 113 | 276 | 4 | 10 | 559 |
13757 | 212 | 616 | 16 | 41 | 1246 |
13760 | 8285 | 23228 | 656 | 1903 | 50264 |
13774 | 40 | 97 | 1 | 3 | 217 |
13775 | 405 | 993 | 27 | 73 | 2016 |
13776 | 144 | 346 | 4 | 10 | 661 |
13777 | 139 | 457 | 1 | 8 | 735 |
13778 | 1628 | 3848 | 73 | 178 | 6802 |
13780 | 224 | 612 | 10 | 41 | 1098 |
13782 | 150 | 420 | 2 | 21 | 860 |
13783 | 560 | 1333 | 56 | 116 | 2709 |
13784 | 93 | 200 | 3 | 5 | 285 |
13786 | 78 | 210 | 8 | 15 | 401 |
13787 | 606 | 1874 | 32 | 72 | 3364 |
13788 | 221 | 540 | 13 | 37 | 1111 |
13790 | 3329 | 8831 | 355 | 989 | 19440 |
13795 | 571 | 1935 | 34 | 111 | 3563 |
13796 | 248 | 635 | 16 | 33 | 1302 |
13797 | 327 | 1082 | 4 | 31 | 1955 |
13801 | 345 | 883 | 14 | 36 | 1447 |
13802 | 149 | 459 | 4 | 18 | 827 |
13803 | 888 | 2510 | 57 | 111 | 4233 |
13804 | 87 | 198 | 6 | 15 | 388 |
13806 | 51 | 120 | 3 | 7 | 211 |
13807 | 235 | 650 | 11 | 47 | 1251 |
13808 | 358 | 1006 | 32 | 73 | 1806 |
13809 | 370 | 935 | 12 | 26 | 1685 |
13810 | 242 | 659 | 9 | 30 | 1255 |
13811 | 1036 | 2655 | 34 | 109 | 4743 |
13812 | 545 | 1453 | 18 | 36 | 2456 |
13813 | 181 | 508 | 8 | 28 | 940 |
13814 | 38 | 75 | 4 | 6 | 120 |
13815 | 3674 | 8429 | 219 | 495 | 14731 |
13820 | 5158 | 10516 | 599 | 1070 | 21730 |
13825 | 755 | 1961 | 29 | 67 | 3604 |
13827 | 3188 | 7481 | 181 | 456 | 13774 |
13830 | 1197 | 2952 | 66 | 142 | 5292 |
13832 | 141 | 340 | 8 | 21 | 574 |
13833 | 649 | 2129 | 25 | 101 | 4007 |
13834 | 30 | 82 | 1 | 3 | 167 |
13835 | 322 | 839 | 8 | 25 | 1475 |
13838 | 1416 | 2767 | 87 | 171 | 5137 |
13839 | 298 | 801 | 21 | 48 | 1593 |
13841 | 132 | 309 | 0 | 4 | 509 |
13842 | 86 | 219 | 12 | 23 | 507 |
13843 | 463 | 1148 | 22 | 50 | 1909 |
13844 | 161 | 439 | 10 | 23 | 706 |
13845 | 67 | 108 | 3 | 6 | 174 |
13846 | 95 | 216 | 1 | 4 | 423 |
13849 | 1209 | 2774 | 60 | 131 | 5110 |
13850 | 4338 | 11828 | 453 | 1322 | 26209 |
13856 | 1457 | 3593 | 93 | 226 | 6858 |
13859 | 47 | 120 | 0 | 2 | 189 |
13861 | 111 | 329 | 2 | 18 | 654 |
13862 | 657 | 2167 | 33 | 100 | 3950 |
13863 | 93 | 236 | 3 | 10 | 439 |
13864 | 273 | 651 | 18 | 46 | 1180 |
13865 | 896 | 3229 | 47 | 151 | 5870 |
13901 | 4227 | 11604 | 466 | 1177 | 22853 |
13902 | 2901 | 4582 | 1050 | 1707 | 13049 |
13903 | 3025 | 9080 | 316 | 989 | 19087 |
13904 | 1620 | 4793 | 156 | 448 | 9258 |
13905 | 5926 | 14230 | 903 | 2061 | 30912 |
14001 | 2223 | 5256 | 99 | 237 | 12084 |
14004 | 2013 | 5064 | 56 | 167 | 12879 |
14005 | 321 | 975 | 17 | 51 | 1890 |
14006 | 1986 | 4862 | 120 | 318 | 11892 |
14008 | 395 | 884 | 23 | 59 | 1841 |
14009 | 1351 | 3192 | 82 | 182 | 6356 |
14011 | 1335 | 3287 | 61 | 139 | 6797 |
14012 | 788 | 1601 | 45 | 85 | 3178 |
14013 | 207 | 583 | 12 | 47 | 1309 |
14020 | 4561 | 11513 | 311 | 869 | 24077 |
14024 | 338 | 946 | 14 | 49 | 1750 |
14025 | 519 | 1523 | 30 | 85 | 3570 |
14026 | 142 | 368 | 8 | 19 | 983 |
14028 | 399 | 967 | 21 | 55 | 1978 |
14030 | 515 | 1052 | 31 | 71 | 2218 |
14031 | 2274 | 5467 | 123 | 342 | 13393 |
14032 | 1390 | 4207 | 78 | 262 | 10359 |
14033 | 386 | 1082 | 17 | 58 | 2686 |
14034 | 489 | 1108 | 22 | 55 | 2313 |
14036 | 807 | 2425 | 32 | 102 | 5558 |
14037 | 231 | 624 | 7 | 20 | 1462 |
14039 | 17 | 51 | 0 | 0 | 125 |
14040 | 383 | 1011 | 17 | 56 | 2506 |
14041 | 27 | 87 | 0 | 1 | 160 |
14042 | 1004 | 2235 | 51 | 102 | 4188 |
14043 | 3766 | 9739 | 238 | 770 | 28464 |
14047 | 1194 | 3137 | 48 | 189 | 7534 |
14048 | 2297 | 5464 | 1140 | 2584 | 15941 |
14051 | 4286 | 10798 | 410 | 1161 | 27414 |
14052 | 3734 | 9833 | 147 | 425 | 22103 |
14054 | 214 | 654 | 11 | 25 | 1342 |
14055 | 325 | 812 | 11 | 35 | 1686 |
14056 | 47 | 145 | 5 | 10 | 276 |
14057 | 1497 | 3933 | 50 | 170 | 9497 |
14058 | 300 | 945 | 13 | 67 | 2037 |
14059 | 1350 | 4087 | 67 | 180 | 11170 |
14060 | 104 | 246 | 4 | 11 | 455 |
14062 | 649 | 1899 | 24 | 84 | 3600 |
14063 | 3316 | 6735 | 317 | 685 | 15316 |
14065 | 413 | 1035 | 35 | 53 | 1888 |
14066 | 184 | 574 | 5 | 19 | 1098 |
14067 | 1346 | 2903 | 62 | 140 | 6177 |
14068 | 1731 | 3810 | 126 | 390 | 9717 |
14069 | 167 | 471 | 11 | 27 | 1075 |
14070 | 1551 | 3006 | 83 | 181 | 6132 |
14072 | 4490 | 11549 | 328 | 910 | 27593 |
14075 | 8380 | 22572 | 447 | 1314 | 53378 |
14080 | 898 | 2266 | 49 | 122 | 5040 |
14081 | 581 | 1440 | 31 | 88 | 3042 |
14082 | 111 | 301 | 3 | 5 | 540 |
14083 | 18 | 65 | 3 | 5 | 134 |
14085 | 937 | 3368 | 27 | 197 | 8413 |
14086 | 4511 | 14236 | 245 | 870 | 39701 |
14091 | 160 | 464 | 7 | 20 | 1073 |
14092 | 2831 | 5895 | 219 | 506 | 15825 |
14094 | 16626 | 32502 | 1055 | 2120 | 71013 |
14098 | 605 | 1610 | 30 | 84 | 3088 |
14101 | 428 | 1058 | 20 | 54 | 2083 |
14102 | 184 | 562 | 15 | 41 | 1442 |
14103 | 2530 | 6022 | 166 | 401 | 11337 |
14105 | 1379 | 2834 | 55 | 99 | 5786 |
14107 | 30 | 53 | 4 | 8 | 123 |
14108 | 1552 | 3588 | 62 | 159 | 7155 |
14111 | 567 | 1523 | 53 | 94 | 3651 |
14113 | 129 | 422 | 17 | 59 | 877 |
14120 | 12507 | 25020 | 744 | 1619 | 63439 |
14125 | 574 | 1599 | 46 | 114 | 3516 |
14126 | 261 | 483 | 10 | 23 | 936 |
14127 | 6332 | 16374 | 347 | 999 | 39520 |
14129 | 307 | 731 | 7 | 27 | 1377 |
14130 | 49 | 201 | 3 | 15 | 338 |
14131 | 1349 | 3177 | 67 | 141 | 6775 |
14132 | 1319 | 2933 | 54 | 148 | 7056 |
14134 | 106 | 181 | 1 | 3 | 348 |
14135 | 29 | 66 | 3 | 5 | 188 |
14136 | 1130 | 2649 | 68 | 169 | 5733 |
14138 | 478 | 1106 | 34 | 70 | 2045 |
14139 | 434 | 1161 | 34 | 88 | 2735 |
14141 | 1890 | 4207 | 86 | 216 | 9248 |
14143 | 236 | 719 | 15 | 41 | 1468 |
14144 | 52 | 67 | 0 | 0 | 131 |
14145 | 252 | 730 | 24 | 99 | 1779 |
14150 | 10740 | 23294 | 708 | 1792 | 55063 |
14167 | 278 | 800 | 10 | 41 | 1800 |
14168 | 36 | 88 | 2 | 3 | 145 |
14169 | 37 | 61 | 0 | 0 | 116 |
14170 | 457 | 1215 | 23 | 53 | 2815 |
14171 | 500 | 1214 | 30 | 58 | 2485 |
14172 | 983 | 2151 | 28 | 70 | 4594 |
14173 | 122 | 223 | 6 | 13 | 441 |
14174 | 1659 | 3547 | 87 | 212 | 8210 |
14201 | 3083 | 5468 | 2809 | 4539 | 16227 |
14202 | 1043 | 1872 | 206 | 500 | 4554 |
14203 | 1196 | 1911 | 182 | 309 | 3455 |
14204 | 3372 | 7205 | 625 | 1374 | 11616 |
14206 | 3382 | 8128 | 363 | 1244 | 22394 |
14207 | 4329 | 8924 | 1393 | 3497 | 23479 |
14208 | 4906 | 9709 | 502 | 1112 | 14121 |
14209 | 3657 | 6497 | 399 | 795 | 12095 |
14210 | 2849 | 6402 | 478 | 1301 | 15078 |
14211 | 8436 | 17767 | 929 | 2419 | 28739 |
14212 | 3448 | 6425 | 388 | 1046 | 13652 |
14213 | 5229 | 9539 | 3926 | 6438 | 27630 |
14214 | 6525 | 12859 | 917 | 1846 | 25062 |
14215 | 12800 | 30785 | 1498 | 3837 | 47605 |
14216 | 5162 | 11904 | 710 | 1777 | 28180 |
14217 | 5369 | 12231 | 391 | 1067 | 29495 |
14218 | 3293 | 7857 | 695 | 2047 | 22503 |
14219 | 1869 | 5040 | 155 | 456 | 12809 |
14220 | 4509 | 11739 | 583 | 1661 | 26183 |
14221 | 13067 | 29422 | 1121 | 2885 | 74029 |
14222 | 6699 | 10981 | 1110 | 1721 | 23929 |
14223 | 5095 | 12213 | 353 | 1039 | 29434 |
14224 | 6723 | 18354 | 347 | 1195 | 48975 |
14225 | 5947 | 15328 | 460 | 1462 | 38683 |
14226 | 6882 | 15986 | 703 | 1652 | 37386 |
14227 | 3631 | 9241 | 263 | 812 | 27329 |
14228 | 5329 | 10834 | 690 | 1520 | 26589 |
14261 | 1543 | 1712 | 431 | 475 | 4216 |
14301 | 4460 | 7659 | 446 | 897 | 16216 |
14303 | 2169 | 3775 | 257 | 464 | 7919 |
14304 | 7568 | 15702 | 585 | 1339 | 39018 |
14305 | 5931 | 10989 | 532 | 1029 | 21711 |
14411 | 2630 | 6331 | 200 | 472 | 12581 |
14414 | 1873 | 4588 | 95 | 249 | 8577 |
14415 | 44 | 107 | 4 | 6 | 176 |
14416 | 914 | 2290 | 38 | 99 | 4525 |
14418 | 414 | 899 | 10 | 31 | 1550 |
14420 | 3310 | 9272 | 278 | 756 | 18656 |
14422 | 406 | 1164 | 24 | 66 | 2372 |
14423 | 1288 | 3125 | 56 | 143 | 5924 |
14424 | 7060 | 17912 | 382 | 996 | 34350 |
14425 | 2868 | 7375 | 211 | 584 | 14947 |
14427 | 473 | 1264 | 22 | 61 | 2227 |
14428 | 1276 | 4296 | 53 | 212 | 9220 |
14432 | 1240 | 3166 | 63 | 157 | 6066 |
14433 | 836 | 2194 | 41 | 137 | 4224 |
14435 | 753 | 1852 | 25 | 68 | 3555 |
14437 | 2365 | 5880 | 117 | 281 | 10382 |
14441 | 83 | 189 | 4 | 18 | 350 |
14445 | 1271 | 3558 | 139 | 402 | 8119 |
14450 | 7912 | 23409 | 515 | 1672 | 50440 |
14454 | 4484 | 7506 | 500 | 817 | 16268 |
14456 | 4632 | 10387 | 795 | 1711 | 22054 |
14462 | 170 | 421 | 10 | 32 | 724 |
14464 | 1148 | 3464 | 71 | 218 | 7056 |
14466 | 443 | 1090 | 15 | 32 | 2060 |
14467 | 1586 | 4790 | 144 | 469 | 10310 |
14468 | 2384 | 8712 | 135 | 538 | 19210 |
14469 | 1449 | 3926 | 54 | 140 | 7218 |
14470 | 2025 | 4654 | 129 | 287 | 9351 |
14471 | 770 | 1865 | 19 | 45 | 3381 |
14472 | 1889 | 5393 | 87 | 222 | 10901 |
14475 | 94 | 241 | 3 | 12 | 427 |
14476 | 537 | 1280 | 26 | 69 | 2579 |
14477 | 377 | 934 | 20 | 57 | 1852 |
14478 | 311 | 674 | 18 | 53 | 1241 |
14479 | 31 | 92 | 7 | 22 | 188 |
14480 | 251 | 535 | 13 | 22 | 1051 |
14481 | 335 | 936 | 12 | 41 | 1921 |
14482 | 1943 | 4935 | 75 | 213 | 9635 |
14485 | 1353 | 2854 | 70 | 141 | 5559 |
14486 | 61 | 204 | 7 | 17 | 350 |
14487 | 1398 | 3714 | 61 | 167 | 7057 |
14489 | 1510 | 3715 | 114 | 265 | 7181 |
14502 | 2647 | 6222 | 183 | 409 | 12777 |
14504 | 349 | 951 | 24 | 60 | 1909 |
14505 | 1021 | 2741 | 71 | 189 | 5641 |
14506 | 213 | 723 | 16 | 50 | 1487 |
14507 | 434 | 899 | 17 | 34 | 1698 |
14510 | 1124 | 2525 | 188 | 362 | 5392 |
14511 | 151 | 379 | 2 | 9 | 634 |
14512 | 1282 | 3204 | 40 | 118 | 5815 |
14513 | 3030 | 7048 | 277 | 726 | 14436 |
14514 | 953 | 3031 | 72 | 274 | 6505 |
14516 | 506 | 1302 | 28 | 81 | 2349 |
14517 | 582 | 1575 | 19 | 65 | 2776 |
14519 | 2565 | 6704 | 147 | 397 | 14233 |
14521 | 565 | 1476 | 35 | 88 | 2773 |
14522 | 2147 | 5179 | 123 | 283 | 10171 |
14525 | 686 | 1732 | 21 | 55 | 2989 |
14526 | 3013 | 9849 | 240 | 867 | 23421 |
14527 | 3369 | 7643 | 175 | 410 | 13456 |
14530 | 1208 | 3003 | 39 | 119 | 5600 |
14532 | 840 | 2339 | 44 | 118 | 4633 |
14533 | 360 | 1058 | 25 | 77 | 1941 |
14534 | 5742 | 17095 | 491 | 1754 | 39384 |
14536 | 204 | 446 | 4 | 16 | 771 |
14537 | 78 | 160 | 2 | 9 | 274 |
14539 | 86 | 224 | 0 | 0 | 386 |
14541 | 630 | 1381 | 42 | 83 | 2567 |
14542 | 37 | 78 | 1 | 3 | 155 |
14543 | 518 | 1808 | 23 | 92 | 3589 |
14544 | 609 | 1330 | 25 | 57 | 2427 |
14545 | 51 | 103 | 0 | 8 | 191 |
14546 | 989 | 2781 | 62 | 174 | 5382 |
14548 | 796 | 2231 | 30 | 93 | 4112 |
14549 | 68 | 149 | 3 | 12 | 280 |
14550 | 331 | 931 | 11 | 36 | 1728 |
14551 | 1122 | 2778 | 101 | 256 | 5445 |
14555 | 317 | 674 | 20 | 40 | 1370 |
14557 | 33 | 77 | 2 | 3 | 144 |
14559 | 2364 | 8366 | 150 | 598 | 18622 |
14560 | 608 | 1394 | 17 | 45 | 2501 |
14561 | 632 | 1703 | 24 | 77 | 3099 |
14564 | 3936 | 9893 | 252 | 663 | 21033 |
14568 | 1279 | 3458 | 83 | 221 | 7112 |
14569 | 1463 | 3831 | 67 | 185 | 7083 |
14571 | 302 | 720 | 18 | 43 | 1454 |
14572 | 1231 | 3097 | 38 | 97 | 5280 |
14580 | 7574 | 24431 | 581 | 2204 | 58726 |
14585 | 38 | 77 | 3 | 3 | 184 |
14586 | 1389 | 5017 | 174 | 723 | 11287 |
14588 | 71 | 114 | 3 | 4 | 215 |
14589 | 1561 | 4141 | 89 | 268 | 8695 |
14590 | 1066 | 2749 | 51 | 148 | 5117 |
14591 | 404 | 1037 | 16 | 40 | 1940 |
14592 | 24 | 70 | 1 | 7 | 147 |
14604 | 823 | 1701 | 179 | 392 | 3432 |
14605 | 2634 | 5464 | 1353 | 2832 | 11075 |
14606 | 3696 | 11253 | 788 | 2634 | 25076 |
14607 | 4374 | 9007 | 469 | 1006 | 18618 |
14608 | 3150 | 6852 | 638 | 1413 | 11590 |
14609 | 7025 | 19696 | 1681 | 4780 | 40973 |
14610 | 3167 | 8116 | 262 | 708 | 17262 |
14611 | 4651 | 10775 | 716 | 1839 | 16881 |
14612 | 4932 | 15931 | 501 | 2007 | 36899 |
14613 | 2773 | 6558 | 691 | 1625 | 11996 |
14614 | 189 | 328 | 18 | 40 | 736 |
14615 | 2458 | 7049 | 461 | 1479 | 14659 |
14616 | 3844 | 12081 | 428 | 1768 | 26725 |
14617 | 3064 | 10717 | 285 | 1270 | 24707 |
14618 | 4330 | 11487 | 368 | 1157 | 26226 |
14619 | 3220 | 9526 | 378 | 1100 | 14371 |
14620 | 6251 | 13105 | 860 | 1831 | 28082 |
14621 | 5856 | 13542 | 2832 | 6899 | 29146 |
14622 | 1594 | 5333 | 167 | 711 | 12938 |
14623 | 3878 | 9469 | 564 | 1418 | 20705 |
14624 | 5212 | 17753 | 406 | 1690 | 39022 |
14625 | 1825 | 5548 | 126 | 388 | 12251 |
14626 | 4232 | 13317 | 444 | 1753 | 32272 |
14627 | 194 | 210 | 63 | 72 | 557 |
14701 | 8703 | 20766 | 1085 | 2268 | 40039 |
14706 | 1369 | 3632 | 48 | 137 | 7120 |
14708 | 46 | 114 | 0 | 3 | 171 |
14709 | 474 | 1004 | 24 | 53 | 1751 |
14710 | 800 | 2368 | 17 | 56 | 3821 |
14711 | 390 | 1012 | 20 | 42 | 1675 |
14712 | 839 | 2191 | 30 | 79 | 4155 |
14714 | 79 | 233 | 1 | 1 | 384 |
14715 | 876 | 1984 | 34 | 69 | 3074 |
14716 | 404 | 1164 | 26 | 76 | 2203 |
14717 | 207 | 486 | 9 | 23 | 881 |
14718 | 437 | 1155 | 58 | 98 | 2232 |
14719 | 727 | 1918 | 31 | 76 | 3507 |
14720 | 179 | 402 | 5 | 20 | 710 |
14721 | 38 | 68 | 6 | 7 | 141 |
14722 | 103 | 195 | 5 | 18 | 363 |
14723 | 299 | 757 | 12 | 44 | 1307 |
14724 | 370 | 1124 | 14 | 53 | 2385 |
14726 | 333 | 720 | 5 | 12 | 1119 |
14727 | 1539 | 3422 | 55 | 124 | 5938 |
14728 | 231 | 634 | 3 | 12 | 1135 |
14729 | 189 | 473 | 11 | 21 | 960 |
14731 | 376 | 899 | 16 | 60 | 1857 |
14732 | 20 | 65 | 1 | 1 | 106 |
14733 | 801 | 2238 | 36 | 117 | 3947 |
14735 | 642 | 1495 | 15 | 40 | 2674 |
14736 | 124 | 278 | 4 | 7 | 507 |
14737 | 1009 | 2532 | 46 | 110 | 4542 |
14738 | 804 | 2328 | 21 | 75 | 3976 |
14739 | 740 | 1820 | 21 | 55 | 2978 |
14740 | 459 | 964 | 15 | 50 | 1669 |
14741 | 413 | 1139 | 18 | 70 | 2215 |
14742 | 37 | 108 | 6 | 10 | 191 |
14743 | 417 | 1074 | 16 | 46 | 1984 |
14744 | 410 | 848 | 18 | 29 | 1524 |
14747 | 462 | 1364 | 16 | 40 | 2244 |
14748 | 129 | 380 | 2 | 12 | 629 |
14750 | 1183 | 3153 | 44 | 145 | 5675 |
14752 | 36 | 117 | 5 | 8 | 256 |
14753 | 244 | 680 | 11 | 21 | 1155 |
14754 | 178 | 446 | 10 | 20 | 801 |
14755 | 540 | 1557 | 29 | 68 | 2840 |
14757 | 715 | 2015 | 40 | 90 | 3539 |
14760 | 4620 | 10913 | 313 | 723 | 20990 |
14767 | 334 | 1015 | 14 | 30 | 1622 |
14769 | 158 | 516 | 16 | 33 | 1006 |
14770 | 752 | 1814 | 40 | 98 | 3146 |
14772 | 1042 | 2713 | 41 | 90 | 4330 |
14774 | 49 | 98 | 1 | 2 | 143 |
14775 | 523 | 1404 | 23 | 75 | 2614 |
14777 | 176 | 367 | 4 | 5 | 642 |
14778 | 340 | 355 | 53 | 58 | 798 |
14779 | 1666 | 3866 | 101 | 252 | 7187 |
14781 | 373 | 1132 | 17 | 59 | 2057 |
14782 | 377 | 1285 | 8 | 39 | 2214 |
14783 | 36 | 79 | 0 | 4 | 141 |
14784 | 161 | 482 | 6 | 20 | 916 |
14787 | 1150 | 2969 | 83 | 212 | 5678 |
14801 | 975 | 3016 | 50 | 154 | 4829 |
14802 | 1027 | 1422 | 165 | 232 | 3034 |
14803 | 410 | 914 | 22 | 42 | 1555 |
14804 | 428 | 933 | 37 | 91 | 1640 |
14805 | 311 | 763 | 16 | 35 | 1372 |
14806 | 650 | 1577 | 38 | 69 | 2428 |
14807 | 687 | 1793 | 41 | 91 | 3187 |
14808 | 145 | 332 | 5 | 12 | 597 |
14809 | 472 | 1374 | 23 | 74 | 2370 |
14810 | 3068 | 7474 | 131 | 345 | 12758 |
14812 | 888 | 2142 | 35 | 96 | 3744 |
14813 | 680 | 1619 | 39 | 86 | 2788 |
14814 | 548 | 1342 | 30 | 77 | 2533 |
14815 | 255 | 664 | 13 | 26 | 1186 |
14816 | 135 | 443 | 5 | 12 | 729 |
14817 | 711 | 1768 | 40 | 88 | 3397 |
14818 | 456 | 1239 | 19 | 39 | 2358 |
14819 | 128 | 380 | 15 | 40 | 658 |
14820 | 97 | 352 | 1 | 11 | 557 |
14821 | 602 | 1990 | 23 | 70 | 3307 |
14822 | 360 | 764 | 7 | 23 | 1256 |
14823 | 786 | 2323 | 33 | 76 | 3748 |
14824 | 210 | 447 | 8 | 23 | 838 |
14825 | 233 | 572 | 5 | 11 | 918 |
14826 | 422 | 1202 | 24 | 71 | 2162 |
14830 | 5133 | 12455 | 298 | 712 | 22849 |
14836 | 212 | 596 | 5 | 15 | 1050 |
14837 | 1416 | 3095 | 69 | 149 | 5424 |
14838 | 361 | 1116 | 7 | 41 | 2005 |
14839 | 147 | 440 | 6 | 17 | 668 |
14840 | 993 | 2449 | 31 | 81 | 4228 |
14841 | 281 | 674 | 14 | 31 | 1211 |
14842 | 193 | 450 | 8 | 18 | 785 |
14843 | 2837 | 7538 | 184 | 470 | 13096 |
14845 | 5201 | 13203 | 351 | 857 | 25179 |
14846 | 200 | 515 | 6 | 16 | 813 |
14847 | 609 | 1463 | 37 | 99 | 2745 |
14850 | 18074 | 34938 | 2317 | 4358 | 74846 |
14853 | 1084 | 1496 | 401 | 613 | 4096 |
14855 | 133 | 440 | 15 | 23 | 715 |
14858 | 264 | 877 | 20 | 47 | 1496 |
14859 | 255 | 740 | 3 | 15 | 1221 |
14860 | 305 | 722 | 22 | 48 | 1326 |
14861 | 310 | 858 | 11 | 28 | 1443 |
14863 | 36 | 67 | 1 | 1 | 114 |
14864 | 304 | 777 | 12 | 33 | 1419 |
14865 | 783 | 1753 | 38 | 74 | 3262 |
14867 | 1329 | 3472 | 89 | 223 | 6391 |
14869 | 390 | 842 | 18 | 37 | 1539 |
14870 | 2406 | 6031 | 161 | 425 | 11349 |
14871 | 889 | 2678 | 34 | 90 | 4814 |
14872 | 113 | 309 | 4 | 12 | 563 |
14873 | 542 | 1404 | 29 | 83 | 2665 |
14874 | 48 | 117 | 4 | 4 | 228 |
14876 | 23 | 64 | 2 | 4 | 109 |
14877 | 124 | 336 | 1 | 6 | 542 |
14878 | 200 | 488 | 12 | 33 | 830 |
14879 | 359 | 1153 | 9 | 25 | 2030 |
14880 | 393 | 999 | 24 | 48 | 1657 |
14881 | 89 | 172 | 4 | 6 | 341 |
14882 | 1075 | 2658 | 83 | 203 | 5029 |
14883 | 1028 | 2577 | 51 | 127 | 4789 |
14884 | 117 | 236 | 9 | 17 | 415 |
14885 | 141 | 441 | 14 | 19 | 685 |
14886 | 2104 | 4858 | 88 | 221 | 9026 |
14889 | 422 | 955 | 14 | 36 | 1845 |
14891 | 1309 | 2951 | 58 | 144 | 5419 |
14892 | 2177 | 5045 | 88 | 203 | 8917 |
14894 | 281 | 807 | 9 | 38 | 1331 |
14895 | 2679 | 6066 | 150 | 326 | 10397 |
14897 | 255 | 579 | 4 | 12 | 879 |
14898 | 181 | 731 | 5 | 40 | 1153 |
14901 | 3590 | 7803 | 286 | 612 | 13575 |
14903 | 1756 | 4586 | 112 | 272 | 8607 |
14904 | 3394 | 8555 | 190 | 493 | 14799 |
14905 | 2467 | 5756 | 160 | 358 | 11083 |
